2 2581 203
2 8890 2418
2 9504 4796
3 719 306 1135
2 2384 1855
3 4679 364 476
2 7013 1880
2 8670 2573
2 8773 492
3 563 872 2736
2 1178 7468
3 3578 1000 978
2 3654 2053
3 3696 1159 1192
3 5137 1339 1399
2 6031 2591
3 6252 311 2176
3 7109 3202 7206
2 7227 7948
3 7270 1376 820
3 9256 4887 8227
3 549 6321 2887
3 1105 1817 2528
3 1563 2660 3539
3 1776 3321 3560
3 2015 5982 9927
2 3358 3647
3 3708 1381 7110
3 4829 1067 180
4 5649 368 499 174
2 5991 4027
3 6039 2718 4471
4 6403 23 310 218
2 7325 6517
2 7716 4941
3 7862 5480 2758
3 7913 1023 6527
3 7936 666 773
4 8184 873 835 240
3 8578 2212 1114
3 8758 8088 5071
4 8878 1146 1061 3207
3 8965 1555 2939
3 8967 0 693
2 9121 5091
4 9449 1208 943 1022
2 9459 5903
4 9550 1246 1190 6544
3 9913 1319 1344
4 1 1685 3760 3608
4 2 7150 5597 6686
2 3 8563
2 4 831
2 5 7909
2 6 7575
2 7 9693
2 8 9824
4 9 1820 369 5639
6 10 2710 39 816 2703 6988
2 11 9287
2 12 7433
3 13 4358 923
2 14 7355
4 15 3232 1922 766
2 16 2445
3 17 3362 1018
2 18 4469
4 19 3147 1626 1844
2 20 2509
4 21 5557 5593 2288
4 22 1791 1973 1027
7 24 7070 8840 5615 9864 3341 3491
2 25 1803
3 26 5540 3381
3 27 354 9044
3 28 5780 1140
6 29 8102 9084 1874 1284 1529
4 30 7448 2297 2430
2 31 2007
3 32 9349 1545
2 33 7655
2 34 3936
5 35 5662 768 4301 1778
3 36 1695 6190
3 37 6591 1785
2 38 8192
3 40 4411 4011
5 41 4894 7648 4352 5226
2 42 8605
2 43 5968
2 44 9483
3 45 7363 9803
4 46 8440 8711 1956
4 47 1252 8071 5441
8 48 6663 4143 6916 6965 5332 2177 2346
2 49 8571
2 50 7581
5 51 9836 6688 2965 4644
3 52 3291 2265
2 53 8824
5 54 9322 631 5823 4520
7 55 5717 9090 7319 1040 8306 5983
2 56 1194
6 57 7005 7097 7314 384 6834
3 58 1387 2541
2 59 8730
3 60 5796 9723
6 61 3055 6656 9820 7804 4557
5 62 2682 1176 8587 3230
2 63 8303
6 64 2781 6340 1590 7684 2486
3 65 8253 4646
4 66 3477 7020 9954
7 67 7811 5452 921 2009 1789 2412
3 68 7891 4793
4 69 7108 2620 1546
2 70 4417
2 71 6960
3 72 5444 2709
3 73 6874 3827
3 74 4006 2448
2 75 7972
5 76 454 4074 774 7621
3 77 9186 2951
3 78 233 9763
3 79 1086 7025
6 80 288 7605 9054 7699 2670
5 81 8204 9735 3088 2866
2 82 7061
3 83 6515 4420
6 84 4078 7929 6745 7122 3614
4 85 3194 9925 4818
3 86 5652 5513
2 87 6238
5 88 3607 4948 6377 6753
2 89 1002
6 90 2896 493 1108 5138 7775
4 91 6202 9251 3709
4 92 5245 6463 3729
6 93 5658 950 3767 2693 2593
8 94 1388 2025 8693 5693 9575 4725 7362
4 95 7779 3824 3861
6 96 3186 9847 594 6384 6912
5 97 8998 5959 3693 8402
9 98 1635 4481 5887 1660 1741 5391 6566 9868
6 99 3683 555 6788 7945 5478
5 100 8224 209 9346 641
2 101 3225
8 102 9806 3594 4773 303 1332 7816 8553
5 103 3493 4871 3145 7678
4 104 5238 3722 7444
8 105 8035 3557 1763 3996 3220 8304 9252
4 106 9620 2649 9377
3 107 4709 7813
3 108 3315 9784
5 109 2944 1143 1998 3638
4 110 7023 408 7376
3 111 5608 7458
6 112 5630 7455 1409 6274 4528
5 113 920 6150 4467 4070
2 114 9360
4 115 2426 5371 5059
3 116 8599 5578
8 117 375 5934 3990 6200 7196 7773 7632
6 118 6742 7477 2056 4329 4138
5 119 9255 7320 8719 3870
4 120 3758 7346 4317
6 121 6563 313 5684 6921 7453
4 122 8009 378 7147
4 123 6165 1869 4321
3 124 5914 8596
7 125 4714 1531 2684 8784 6207 6349
8 126 5868 5134 1323 8153 3339 7983 9592
5 127 6597 5829 4048 2099
4 128 9274 6879 5067
4 129 8228 5969 4483
6 130 7927 6197 5733 6588 6018
2 131 4838
5 132 565 8643 1177 4580
4 133 3311 7284 4604
3 134 7383 5886
6 135 9325 9412 5562 4325 3193
3 136 1488 4523
7 137 1908 417 9046 5943 9127 9019
5 138 3176 2640 7506 3367
5 139 2883 3507 5317 6152
3 140 7633 9359
8 141 9744 6999 1982 8892 5528 4178 4736
2 142 2751
2 143 7464
3 144 4765 9576
4 145 6332 5322 3903
4 146 6208 7347 7613
8 147 6648 444 4415 3906 1228 1672 7990
3 148 8950 9530
5 149 7102 1554 6319 5679
10 150 2973 6711 7994 4088 6280 8292 379 2155 8727
3 151 3739 4868
4 152 1269 3086 4588
4 153 8029 1421 8330
3 154 9740 4717
7 155 833 7275 4355 9067 6301 8277
10 156 4666 4872 4094 7392 7993 9100 2194 4857 6583
9 157 3580 4475 5500 7686 3414 6222 8968 9515
6 158 3393 7126 6229 7808 5158
6 159 2167 9232 4939 2534 7015
2 160 9418
9 161 656 945 1639 4326 3753 1745 5919 9520
6 162 7650 3905 4021 4424 9914
5 163 8024 1209 7239 5979
5 164 8085 1206 4949 5553
5 165 2428 6622 428 8743
13 166 2915 3138 6155 4112 9020 7952 3629 3992 3555 1937 4175 7957
4 167 4642 9534 9249
10 168 9815 9804 4673 395 6119 946 674 6003 8000
7 169 1142 5295 613 9798 4266 7432
3 170 7980 3179
8 171 9364 5670 3988 4250 3736 2454 8200
14 172 3384 8271 7512 7103 6580 9355 7665 4365 3017 9952 2371 6160 6773
5 173 5090 7010 8793 3705
7 175 348 9557 4470 8792 854 7075
4 176 2000 3681 8173
4 177 9985 7760 6143
4 178 7246 7379 6090
5 179 6756 1882 7536 7884
2 181 258
4 182 9365 2638 5281
4 183 462 3161 5254
6 184 6076 6520 556 1755 1365
6 185 979 1524 4744 4335 5374
6 186 6277 8335 2774 5674 2669
16 187 2247 2735 1335 7553 2233 3368 6454 3104 8477 1784 2453 996 2825 6293 262
4 188 6503 9314 5546
6 189 5377 3865 2599 9055 7522
12 190 5300 6822 6884 7561 1004 1221 8189 4704 1709 8048 1654
4 191 4983 5883 723
5 192 2942 5801 6647 9489
9 193 7554 7830 212 5001 6224 4934 1292 7482
4 194 5100 2308 7809
6 195 9645 7630 2596 3389 1559
6 196 2497 8788 197 6350 4373
7 198 8126 9108 985 8778 5928 3822
12 199 567 4656 9514 6825 933 3685 8181 507 7691 2619 3809
13 200 8149 5491 849 6927 3531 9229 9702 9105 577 2742 3773 5573
7 201 6168 6053 8601 4119 6348 9862
4 202 3445 6610 5975
6 204 4488 1690 6234 1429 8929
6 205 7273 4974 7627 1021 7771
14 206 7229 6269 1674 6247 8978 1693 9353 3253 1894 6059 9157 571 687
4 207 1094 3508 7930
9 208 8459 7411 643 3135 412 5955 3337 908
9 210 856 6172 2731 1736 5384 4507 9754 9919
9 211 881 6114 5437 8500 8822 7437 8922 4500
7 213 1248 220 7259 5453 1216 229
7 214 688 6548 8441 1249 2035 3975
10 215 8653 9574 8848 1819 1543 5472 6482 3867 4727
7 216 5343 8373 7071 9126 2123 4252
7 217 8097 2881 1453 9828 6074 9270
14 219 5086 1315 8932 1005 1773 8086 2706 4687 7399 8326 446 1930 5954
5 221 1189 3122 8411 8482
12 222 1560 789 2112 6399 8902 1513 2760 4768 7247 1818 867
6 223 1747 9533 8199 7722 3655
2 224 9049
7 225 6078 6645 7483 8290 9451 9579
6 226 1944 3005 5126 8447 5498
6 227 5457 1970 6363 3609 9687
3 228 1821 3288
7 230 4940 1324 3849 2501 3272 5985
3 231 5288 404
7 232 2121 1459 8595 3766 5327 8546
3 234 5834 652
6 235 6089 8023 7768 6868 8047
6 236 1853 3472 9617 2743 3524
5 237 1235 4840 3964 9600
7 238 538 7535 2191 251 8911 9462
9 239 9262 1867 658 6820 9267 4020 5099 8281
12 241 2409 9743 7668 4340 4815 7397 1786 982 5484 2092 8237
7 242 5532 4092 8857 5085 3537 7050
5 243 3833 9826 4058 4337
9 244 5844 7342 7651 4761 7205 4238 7767 2343
11 245 7711 6786 474 8028 3030 4862 7871 8206 1010 5080
5 246 9276 651 4367 8528
2 247 7732
12 248 3442 2031 2753 2054 6239 4379 1351 9047 1322 2310 3408
7 249 6416 5967 4419 264 388 6462
5 250 4082 4898 7600 389
8 252 5686 2977 584 6541 5121 1868 3694
7 253 4152 2364 2970 4825 8220 4207
8 254 9872 7971 3227 1721 2254 3805 6855
8 255 4433 4802 2496 7117 8004 2173 7157
8 256 3680 8845 6760 7941 9318 8334 7854
5 257 1433 5382 8881 1610
4 259 8161 5054 6744
6 260 9658 8077 3465 5763 948
7 261 4104 3778 3178 7164 9545 4224
3 263 7134 8657
6 265 3001 8664 6587 2732 1267
11 266 3066 6537 2075 3534 3793 7380 7153 9102 5793 3965
5 267 8055 2717 5742 8111
13 268 568 6695 3743 6913 9109 6426 4992 2835 1046 8895 4029 4005
4 269 5196 6146 6382
6 270 6162 3333 3439 9899 5268
14 271 4693 3170 9283 8536 8020 708 442 5724 8904 3060 2991 9578 1341
9 272 5933 4705 1340 4767 5255 8244 5988 6430
15 273 713 8520 9411 6670 3779 9830 1627 2147 6474 4913 3323 4936 4811 3981
6 274 4605 9810 928 1138 4390
8 275 9379 2057 9495 6245 6460 4261 9699
7 276 2229 2557 6729 1553 3552 7466
11 277 6654 2026 9640 4854 3751 9509 6324 6021 7176 9596
8 278 1130 4686 7610 8608 7826 9737 2204
8 279 6132 4117 1200 8356 799 1899 5917
9 280 6512 5394 7521 7040 6929 9273 2873 7753
10 281 9819 5341 3692 6815 2857 386 6262 9519 3163
10 282 1494 9652 3222 8158 1298 7154 9958 8574 3392
7 283 4698 3409 7851 3433 7904 4772
13 284 8464 6173 513 7793 2401 8856 6528 3570 1746 8943 7290 648
11 285 5603 3326 2455 8293 7645 6451 7599 8180 6369 4782
8 286 7114 8245 3330 5450 5184 7059 864
7 287 918 9647 7452 670 5579 6716
4 289 5864 5419 7835
10 290 9680 989 3918 3169 6910 5335 9627 2359 3252
6 291 1183 7510 7817 3701 2171
12 292 7386 3802 7209 6615 8989 8755 600 4603 6046 558 4123
6 293 7782 5426 9119 5431 8422
9 294 8786 7810 9160 3245 6072 4151 5346 8667
2 295 8851
4 296 6701 7895 6762
17 297 585 8395 5445 7119 7373 578 3976 3191 2765 8294 6758 3164 5601 4387 7430 6118
2 298 7519
4 299 9563 7329 6129
9 300 415 7498 7562 320 3516 9006 6805 9541
4 301 8399 7644 987
4 302 8914 340 7823
6 304 2407 7662 605 4072 8828
7 305 7588 5136 9266 8170 1331 6794
4 307 5970 5705 3887
5 308 1450 3640 9581 5236
5 309 622 1706 8946 4363
6 312 664 8056 1905 6713 4416
4 314 9949 1289 4071
12 315 7224 5626 6412 5920 350 1827 4720 4770 5776 7934 1013
4 316 5625 4901 2243
4 317 482 2016 9921
10 318 1992 7198 2122 5358 3648 8233 798 5813 3359
8 319 5049 3181 2500 4639 6925 2882 1586
2 321 3689
7 322 1781 7019 1979 7577 1075 4530
4 323 1442 7490 2812
4 324 2192 4584 6795
2 325 377
13 326 6475 6662 2695 553 2809 3049 1310 2837 3371 6386 8288 4162
3 327 7915 680
14 328 2720 3317 1528 3921 7248 4863 1024 8864 2941 2413 7094 640 9910
3 329 7297 2826
11 330 9920 2110 4654 7842 2978 3977 4997 2519 1666 1408
7 331 6575 9867 2935 4284 7295 8165
12 332 9503 1565 3829 3236 1203 3428 6813 8745 5320 3471 2202
8 333 9844 7720 1330 405 6232 2933 9444
7 334 7718 6733 8498 6678 9648 1541
6 335 4136 624 7037 9441 5877
5 336 1925 5178 9897 4950
6 337 9306 5755 6387 6667 5589
8 338 8481 2893 5851 2787 8739 1362 1468
5 339 9943 3847 6065 8722
4 341 2790 1777 9770
6 342 3949 8167 1842 8038 6600
2 343 7195
7 344 6459 1033 6553 9336 7831 6477
5 345 9939 8658 494 9748
7 346 7646 3013 1634 4183 5781 7788
6 347 3740 8345 3387 3081 1538
4 349 2451 822 6914
4 351 576 2768 1343
9 352 9062 8937 8150 2898 7679 984 1751 4810
11 353 6058 1830 4274 9908 4154 614 8323 7546 6569 7123
9 355 4636 6581 8640 7009 4989 6990 1697 6015
10 356 6866 672 2241 3261 941 2582 694 5102 8565
10 357 7197 1255 6228 7703 1604 7345 6523 7121 4421
6 358 866 6672 7954 9179 5000
6 359 9288 1682 6830 8099 9660
2 360 3028
7 361 6064 965 2654 4794 2315 2926
6 362 3666 2417 533 7863 4153
7 363 2796 5387 2762 7859 6936 3027
11 365 3731 1297 1217 7697 4028 9874 2465 7104 8673 5414
8 366 6381 8747 2068 9319 2283 1525 6917
6 367 2696 3789 5003 7706 8702
9 370 4988 6864 2578 6167 7056 1628 9422 8666
3 371 1875 2070
17 372 9409 2061 489 9935 8509 1986 7864 7663 6480 6456 5995 5769 2858 3888 9138 8070
5 373 2125 8493 5381 6133
10 374 1436 4877 7438 6420 9760 5151 5042 7849 5404
10 376 9670 5008 4403 6389 1831 6251 3091 4712 5471
7 380 1613 7207 2966 4836 4450 9569
14 381 4228 8353 1222 1232 1317 4405 9508 536 5243 804 6033 1946 4641
8 382 6630 4625 6571 3468 7786 4100 8606
3 383 9026 8954
7 385 2105 5168 9880 8115 9407 9900
9 387 9071 3292 7145 839 1241 3293 5094 3586
4 390 7757 8885 1037
