43 1566 1574 835 3782 207 2263 6600 2265 1417 7790 319 7894 4616 1777 3871 6163 5637 7117 6210 4757 7359 5868 6925 5382 4307 4414 5741 5910 1700 5676 346 1286 2325 5064 5655 5782 2505 2014 4535 6108 4831 2077 4606
49 6198 1785 5959 4935 7148 773 5388 9219 8624 1614 7084 8910 5632 6844 8717 9540 320 9795 7419 2373 5714 6488 1175 2414 9815 606 1419 1114 2679 2802 3260 8755 3441 2909 3532 9919 4248 434 1854 7115 8266 6331 5793 8632 2139 4375 4541 2592 9323
46 6428 3039 6975 3153 552 3265 1734 1712 9328 7782 3610 4066 1038 1407 5046 9806 7870 9056 4062 6578 8526 791 1003 3544 4358 8876 3310 3766 7942 2234 4190 9126 4183 5601 8874 2912 3535 8888 1433 6460 5198 832 4976 2191 4608 5896
47 8450 2863 2652 4474 6190 2012 6879 3656 9408 3183 5005 5917 3592 2021 9200 9380 5117 4788 7328 1048 930 8191 9864 5360 664 9483 7847 2069 993 99 8028 8050 9798 7716 8322 683 2900 1797 1577 3164 6751 423 1281 5350 5997 547 768
46 9475 4182 1387 9872 7793 3873 3860 7609 1691 4628 1764 4974 1865 8698 1210 5434 3155 3908 3298 6361 4152 9967 3746 7682 2260 974 653 2033 4289 1677 3891 2120 9627 2573 2757 9707 5259 799 8310 8749 3051 4969 1874 4846 4421 8601
50 45 5266 4189 8246 1143 78 2921 7080 2182 2758 4166 3235 654 3783 4989 6267 6152 8166 3560 8840 1425 1802 7397 7576 6864 7538 8602 7352 4323 2833 570 7834 9187 1055 1431 3078 5594 5139 1501 4944 8102 3765 3043 8557 888 9951 1755 1135 7027 9749
49 156 8725 3423 2849 3123 1660 7720 5535 553 5613 1178 6407 2841 9640 6197 1547 8980 1441 6218 110 2358 4544 9087 2101 1051 3508 9038 615 9029 6696 1218 3883 3114 706 6175 8573 9669 148 8552 8067 6618 9893 2472 1372 3948 6589 7674 1181 5346
44 701 9282 1666 3210 7439 6245 7828 7708 4926 2417 1505 3772 173 4309 979 9317 665 4751 883 3246 2874 4777 2293 7543 468 3579 1042 9835 2711 398 8577 361 1391 5309 4426 650 7830 6313 8002 5968 7869 9736 8173 2407
44 1134 389 42 8835 551 5798 7216 395 7331 9856 5895 6363 2693 3126 53 6167 1098 3194 164 1767 3503 4259 8666 5130 4533 7278 64 8720 9712 5820 7005 6449 1120 1898 7155 8336 9796 3029 6447 2927 4266 317 636 5750
46 2717 3425 9014 7382 7487 5973 6791 4660 4327 1140 2051 1275 1772 7715 1560 1066 8178 3122 816 3272 8120 1359 7597 3741 4435 8285 2897 9051 7909 8937 2011 6512 3130 920 6567 8809 1293 3347 5806 381 4083 2523 7526 3696 5622 9597
43 2922 3709 5955 8948 3827 5608 6857 68 5383 2452 8778 6257 4214 5860 8423 6754 188 8458 8193 4805 2977 6935 1420 8318 7310 1598 1312 2096 4632 2362 4442 604 7441 779 6858 9309 3315 4955 8834 307 5492 5972 7863
50 3060 8595 3249 6570 5233 9561 8103 9785 4071 1558 3149 8566 117 1429 7744 8579 2599 4937 8638 6073 4004 3333 7108 1917 3283 3774 3402 7919 6093 5938 4078 8130 5159 393 9464 6168 2337 7225 9587 947 3358 720 7582 8825 1409 9422 3404 6041 3276 8879
47 3448 9053 3216 1711 811 27 598 1808 5529 2202 9037 721 7151 8820 6687 3299 6623 9406 3242 8143 8469 5228 7213 2253 4862 1127 1025 8828 6891 1040 1689 9548 3670 1870 1647 4934 6504 8373 9193 9229 7221 4383 3410 8267 5727 9355 9658
51 5254 7851 7324 9988 3991 6613 7511 1060 1024 7253 3681 6683 6155 9121 82 3735 9104 6027 689 1562 6437 1575 8410 4440 1698 7949 3606 3954 3695 6611 2019 6354 746 1892 354 2390 4133 6123 8413 8288 3019 7882 7056 8984 2525 7455 9753 6032 491 2418 3068
50 5832 3187 2563 3075 1752 3452 929 5500 2323 4123 899 660 6348 8172 7149 780 330 2590 4325 7475 1792 8232 6888 901 2036 7928 4315 1675 9441 3553 5737 5082 311 1565 4446 1029 2133 9779 1011 3263 6789 8334 4173 3988 1517 7765 6659 8218 3970 5122
49 5876 3117 8709 3160 9111 1415 687 2600 9992 9755 4957 474 504 7607 7891 429 5201 7450 9635 5803 6793 170 911 9520 2946 4181 2410 6242 8801 9871 6586 649 896 5993 8445 9519 4564 2194 7484 3431 1645 5777 8219 7380 3318 8295 1050 5586 5291
46 6261 8078 5634 1813 6845 9692 4049 4773 1753 1377 6556 8399 6351 3316 8418 6815 1462 5 526 5585 9818 8264 7436 5412 5671 6432 7794 3923 5943 5175 1552 7007 5428 7673 5956 1356 642 8733 8486 1760 9656 9081 1814 7749 4886 2449
50 6430 6340 666 2734 2086 6950 9371 7611 34 8669 7230 879 7482 5324 289 1278 4574 8924 3866 8471 626 5370 2252 3139 5749 6522 4145 5297 2842 9891 5116 3911 4312 6072 1290 6964 6708 776 3884 6323 412 3712 2798 843 9409 4711 2177 3101 8845 550
50 7678 4052 482 94 5371 9488 3937 6347 498 7014 4922 4716 9286 7205 8462 2992 1926 2768 1238 6493 5315 9670 6871 1489 8483 6296 6000 2017 7592 5074 3694 7976 1436 9427 8089 7006 914 6664 4530 4194 7986 546 9551 121 2641 2289 1611 9687 9638 4365
46 7849 5588 1472 8184 9141 5245 7613 9366 8740 2526 736 8356 8121 7318 4393 6866 7412 4388 8765 5532 356 3234 2891 9375 8504 257 6718 4909 4891 7248 3625 564 1007 3429 8425 7346 3853 1053 7873 9377 1073 9050 370 8735 2110 1624
49 9151 7277 4764 4753 5467 688 3775 968 9095 766 9568 5031 5326 3332 473 5171 9506 358 7240 8027 243 158 600 1292 4095 5680 5506 2047 4621 4109 8238 4243 2167 5957 7249 7083 8261 7407 5610 8432 5494 6937 565 5908 8643 3692 6398 3994 7984
34 0 3170 4447 9437 9361 3905 271 35 5096 5704 4455 2154 619 3545 231 5053 6402 9067 544 6433 4032 5282 4658 4443 220 4387 5574 614 7490 6619 5285 6552 7964 6066
21 1 335 7054 7388 5399 8415 4669 2576 7059 5651 7645 8003 4838 6848 9230 397 9682 758 4115 9514 1495
39 2 3855 9236 7042 1408 4794 5696 4137 4694 3640 8906 563 1167 7664 4119 6817 8122 2313 5390 2389 6989 4520 1730 4293 3169 9149 8135 3980 1133 4264 7028 6192 9225 7800 3593 3201 1669 8327 9525
41 3 8383 7367 3575 4560 7735 1756 7203 385 3430 2769 200 9498 9155 5090 1139 1191 3833 8933 7462 9482 4340 3512 1919 4724 1392 6119 3007 9790 5631 4785 1360 8133 5192 6139 3011 1326 2174 466 8098 3055
43 4 5345 457 9861 6819 1424 5455 6379 1805 9898 3186 26 21 4822 5206 6393 4481 493 4017 6312 9732 1166 7560 5219 6388 1354 8691 4570 6232 5097 1102 4480 878 9108 6648 6289 7333 6231 5363 1694 8877 7620 4979
12 6 1909 3836 7301 1244 3267 7509 9875 162 3979 2540 8127
16 7 432 9729 1901 4044 5604 5965 1064 958 8215 1216 4140 3313 8903 4677 2161
16 8 2344 7047 954 1456 3590 8600 5825 5420 5179 2511 699 5928 7425 2879 6954
28 9 4200 3026 9133 8148 2647 5783 1020 9513 6154 7120 8532 2984 5349 9116 9088 6486 6760 9747 182 1830 3189 4820 9423 2421 1151 6228 3624
11 10 6481 729 9659 8833 3727 1448 4636 5145 318 2776
11 11 2645 9295 1344 2228 2796 8275 5861 1320 364 4713
6 12 6756 9877 2211 2786 1006
48 13 6812 3611 9960 7245 5014 5537 422 306 1250 9157 2813 5482 2396 5156 8464 8649 3259 2062 4504 4456 5694 2232 123 1829 740 9122 3417 9954 9776 3171 1838 6922 6357 4225 610 3673 9486 9162 5203 5438 9901 3157 8231 2244 7369 2683 6636
24 14 138 5516 2300 793 2078 5040 2024 1595 5476 2631 4155 2450 5394 3215 1781 7589 6044 9705 7762 3641 1955 1341 8770
37 15 8053 1197 7633 3128 4252 288 1258 6344 1676 3379 3850 3515 7351 9721 9300 9311 682 3786 1776 4634 2766 8793 4943 2868 2382 9156 4075 8900 5496 3671 244 351 8346 3651 7953 9078
46 16 4246 7883 854 9397 2482 9756 1817 3491 5967 5298 8460 5668 833 7910 2479 1965 931 3678 8237 8507 2513 259 266 9989 1460 6837 9940 4080 4277 9566 8605 6018 9179 8140 2071 3012 2604 8966 9347 2147 3088 5628 2687 4695 7885
18 17 6419 2546 2933 5909 5533 310 9680 1019 2972 6223 1046 6043 1927 7032 84 6466 7623
12 18 4898 141 5189 7634 7400 6725 9046 8084 8701 8894 6415
20 19 4676 4005 4779 3628 87 599 7175 4344 6702 7557 8429 1277 8872 3002 4098 1255 3461 7639 5275
8 20 2963 9972 6832 7734 5271 6019 6662
37 22 9131 7227 8812 4408 5400 187 8726 2656 2591 8431 208 5797 5195 8890 7701 2068 8087 2916 7438 6580 4815 2015 175 4430 174 6048 5105 9271 2967 7691 7972 6446 9064 5691 6140 8380
47 23 1568 9858 4338 4852 810 9589 6021 460 698 5313 1893 5262 2506 8569 3882 7603 8204 3821 6097 2391 2412 7695 2607 3368 7086 2474 7918 1223 8794 4867 7268 2489 4221 6338 6778 5811 781 4904 3813 904 1479 3910 8921 1661 7298 6126
5 24 9965 948 3008 942
10 25 347 488 8302 9660 409 1881 7569 1825 9782
15 28 3089 5754 3743 4172 3412 9781 1529 8252 6505 4057 5163 516 1589 8463
14 29 7035 8066 594 6670 4697 5017 4454 8626 9118 2614 4671 4589 4572
27 30 3040 9268 3844 4797 204 3703 986 1465 51 9720 3394 1845 6998 1496 7179 2278 407 2669 6684 1045 7336 1450 7737 2876 752 4275
9 31 7398 3886 7222 6827 4578 2478 7257 5759
29 32 1507 2404 7191 6603 3795 9651 8993 2820 8546 938 3363 7473 4282 5869 7750 9190 2137 225 2443 3617 6887 6141 410 4927 9071 5813 8468 9521
37 33 4759 5396 6931 9467 9559 7111 3331 2381 7046 8330 8189 3277 1621 1352 420 96 5505 2212 588 8276 4134 1654 7958 440 6482 2872 7196 2039 1910 4356 1693 6660 5521 8245 3791 522
36 36 8644 4144 43 8653 9117 4801 2352 8970 8424 1113 6872 81 6811 585 8591 4076 9287 9654 9276 189 5867 6870 6965 9939 9745 8329 7064 1398 1165 2445 5072 4689 2277 4284 6948
11 37 3750 2792 2136 104 6378 1886 9963 9860 9161 5191
34 38 6615 597 8284 7361 7675 1751 1427 1067 8939 1894 2183 5542 8584 4748 1231 2882 2581 4833 9420 8665 3714 8967 1049 4542 3115 9348 579 1413 7424 316 2168 8032 6080
27 39 1904 6280 8108 7267 1643 4802 3095 5417 8440 5205 9760 5185 715 6346 3609 7621 1905 2499 8308 6526 2696 3962 5774 9708 5902 4301
47 40 9166 90 3295 9428 6250 6229 9106 4673 1138 9974 9416 4355 5296 373 3618 743 1236 1380 4376 9902 1873 5732 1608 2142 4640 9845 3849 3647 6938 7779 8000 9083 6847 6401 6160 3023 7237 1887 5817 2680 9356 9411 3505 9539 9906 9905
7 41 7379 9048 7702 4099 2239 7692
11 44 4849 1504 4752 573 1944 1945 802 1762 2658 6462
15 46 2106 8699 2163 2118 7667 2579 8896 3278 8518 5688 2484 1078 5573 47
25 48 4394 4566 8007 2745 7777 8642 4990 7381 5931 8752 9899 6649 9379 290 535 6183 3142 4047 6881 8064 6194 839 8353 7583
47 49 8946 4077 4803 60 2777 4122 596 4046 9909 8865 6990 2140 9172 1310 5008 8791 4824 750 1204 3892 5292 686 7871 3686 8466 738 2403 4647 1532 9215 3721 3672 3205 2342 9998 8982 1726 912 6053 2395 1968 3320 8444 1375 9393 5596
9 50 2662 281 5762 8485 5221 2925 5961 1875
22 52 1959 7150 1858 2929 718 487 5169 2216 8113 6515 483 2702 6690 1376 203 8428 9331 9830 2206 190 5216
34 54 9546 9267 3562 9115 1130 1214 5534 413 191 8365 2153 3525 8339 3897 8537 1895 5405 4436 9489 669 4706 5004 7795 7773 4493 9903 9006 235 8124 2527 6842 8041 9572
32 55 3867 6278 4835 9942 6137 603 8889 8417 6310 8500 9595 4213 5299 5125 2966 2281 6054 7596 2426 5799 4185 1723 9369 8881 4740 2951 661 8983 584 1104 3206
25 56 1707 4215 8862 6230 3794 9153 2970 4784 3925 3903 4662 5081 5620 66 1724 9351 3296 3065 7224 1555 6767 8013 5855 5966
25 57 2873 5499 8992 5226 700 9812 6145 1340 3608 6765 7271 5027 3582 9008 3572 4917 3600 9819 7173 7060 3869 1468 8287 5077
24 58 3797 4306 7872 6545 9189 2442 2280 6387 2945 4030 3745 6365 1853 3541 6777 3251 6467 1058 3045 5314 8574 5196 9018
35 59 6299 9324 1549 886 5278 956 9648 3384 1809 2654 6996 5241 9043 2195 6252 877 2666 6519 4527 5971 8975 8804 1034 6457 1982 4985 455 8340 167 3458 7700 1153 2846 4439
48 61 994 5898 446 7995 6374 6046 3951 8547 5555 7650 4079 2279 2375 6389 9302 6409 2243 9031 9792 3180 9325 8386 2466 1960 9128 4727 8751 5726 3378 9695 7231 352 4611 8787 545 74 1364 4639 5641 6818 1599 9178 155 7004 9642 7250 282
42 62 6668 6516 3755 2583 102 9764 8551 7442 1302 7065 8249 2793 5903 3356 1585 1314 9250 5951 5834 6869 6630 6971 2847 8722 4583 6669 5463 8748 2562 6249 3975 9125 9915 4864 3154 439 192 4664 7322 1628 919
2 63 8878
7 65 4902 4199 9201 9332 8096 2778
30 67 4728 5112 7329 3348 5170 6001 3317 9494 6566 9593 7009 5045 3319 4874 5554 1850 7030 4308 1122 7285 1357 349 3067 7508 8775 7164 8222 211 3858
46 69 4433 6474 3064 9435 2335 5815 4507 1243 8625 3832 194 6421 1956 4665 6889 4452 7660 8813 1152 8369 2803 7784 601 7276 238 2817 8073 7532 7118 6083 4258 301 7485 648 3790 2569 555 921 1625 2453 4423 497 8364 4297 7479
35 70 6221 1196 7401 5167 9033 5770 1758 7105 850 9247 4828 907 1182 5748 5462 3662 3453 9769 1252 8990 3565 673 7356 2270 2795 3711 4687 7586 5577 9269 136 4179 3156 5058
31 71 5411 3456 5134 2535 3724 7709 8926 2459 9704 1142 2930 9484 1942 3551 2931 433 5583 1488 5356 4012 2379 8138 6604 7302 9270 6666 3049 9601 8331 3427
19 72 1737 6957 3548 3658 7503 5102 7019 388 8452 8263 9973 9542 4546 3989 6880 2080 1610 1971
47 73 1572 3707 7787 232 9251 8494 5433 6452 5557 8044 991 7981 3405 1836 5545 2854 1745 1490 6826 1014 7200 1600 2006 6968 8046 1109 9594 9202 5679 2070 2564 7314 848 4781 177 443 9363 7218 5429 476 9342 3395 5698 1209 611 6934
2 75 1085
32 76 906 8593 8206 2771 9735 3243 1671 4424 3819 338 7288 9459 6166 8639 7185 2997 2657 8684 4261 8280 3147 8256 1902 7669 6425 5479 4696 1996 9195 2188 126
10 77 7896 2316 4876 7759 6359 4311 8352 1428 8476
9 79 2022 8750 9426 1502 3856 8995 2240 8955
35 80 6620 4386 4392 2644 9984 291 4334 7865 8008 9545 4341 674 4774 382 6345 528 2290 8370 2355 5458 3097 7069 5816 380 3424 4242 6131 4610 9947 6247 7100 2502 7041 6180
34 83 8727 1938 8099 8586 541 7247 9461 9448 6211 6701 9284 9278 2629 760 4164 9079 8391 5272 6927 8780 7510 2026 7687 6204 454 1237 1877 8156 8332 2883 7827 8387 4796
2 85 820
24 86 908 4577 2801 9937 8142 130 7878 9085 8904 6383 3916 6691 9335 5605 383 3612 284 8179 1083 8459 607 5422 6642
12 88 7757 315 6476 1220 9040 458 9803 1074 992 622 7886
46 89 957 523 9392 2858 6910 3701 910 5354 8745 3898 1030 6796 7202 3785 1229 1493 5183 7374 230 8039 6205 602 7363 6657 1525 5612 7312 1961 8798 7570 9644 4612 2589 608 4372 9623 8659 8253 7498 640 7819 9310 1328 6199 3718
48 91 659 9606 9646 7296 1735 558 7751 6824 2030 8286 9979 3069 6970 9263 5488 8404 7443 150 1915 971 3370 3929 7415 4124 3716 8106 8015 7071 2913 5331 5393 8059 5135 8807 831 7393 5735 7372 6744 6024 9722 4511 716 2985 6377 7941 9167
29 92 5497 2961 7020 8628 7011 9497 6473 609 4602 1125 5451 5100 4701 9039 1469 1515 4154 2018 4663 6471 5575 1018 6367 7354 6275 258 1640 7956
41 93 6410 9740 7467 739 9850 7299 5887 9688 6215 5687 1000 1750 2971 3879 4402 8426 2052 4322 5258 5153 643 8390 5781 2251 1402 6555 5720 6436 8333 9661 1188 7665 577 2885 3256 6109 2560 2467 3444 7537
25 95 3845 975 5746 5104 7566 1307 9791 2292 3650 5087 2697 1604 4656 3494 295 5357 3480 9926 7591 866 3464 9716 7432 6177
18 97 1225 7522 9024 5625 8403 5761 9983 513 4180 9711 8947 2839 2549 9683 2013 5623 8319
2 98 4866
20 100 7103 8196 2124 5335 9543 3509 1494 226 7159 1089 8922 5336 7433 5426 8707 9472 8209 1396 6903
27 101 2722 1422 8211 533 2975 4769 1650 6138 2040 4102 3839 5423 4550 3377 4749 7058 8145 2235 9562 856 198 6813 807 1633 492 4555
8 103 9578 1656 438 3226 8795 2115 5359
11 105 1047 4776 9052 1642 240 2336 5734 8394 1872 3252
44 106 678 4444 2037 4996 7330 7598 5863 2710 6753 5916 7811 3513 2613 7091 1936 782 4157 6105 639 4431 9560 2759 6591 5934 414 4348 1903 2664 5852 7081 524 827 3851 3968 1980 6203 9518 8885 8830 6442 4036 7403 763
38 107 4318 3367 6464 1620 1348 8952 7135 7304 7875 9780 3005 1609 3847 5742 3963 6291 4938 5982 5084 3516 4343 213 5304 2982 6682 2238 1390 298 4013 8534 9011 5049 5708 3626 4771 1176 2331
50 108 2152 7929 8299 6382 8565 2169 3511 7545 676 9248 1499 1009 5244 7158 465 1519 939 9857 8227 1121 6174 2649 3907 9515 9504 3211 5373 5880 9213 5332 7693 1095 8509 7581 3034 5250 2455 5452 254 5842 1716 8160 500 462 6839 2201 5021 4908 5722
32 109 1923 9462 4278 3742 9362 8235 9502 7516 5804 2020 9160 9365 1770 9429 5906 675 5627 4911 4559 313 9801 342 3635 7350 8269 1203 9962 9381 8777 2831 5440
38 111 2000 690 4487 4809 1256 7244 5404 2064 4021 6143 499 3398 416 245 2989 4992 2320 733 6904 539 5840 6734 8677 9673 9726 4216 1680 4103 8611 3330 1747 4860 2363 5703 7323 7542 7804
26 112 8529 3854 1612 5879 1539 2364 5520 2298 3581 5568 5329 3666 4858 4756 6376 2605 1339 6290 3397 1619 3981 4270 9843 1156 5882
12 113 7428 2988 8651 7345 5689 5274 4084 6698 3737 5054 2067
11 114 2135 4859 2312 4558 3773 9774 7358 9991 5418 568
31 115 2440 1592 4622 6294 4732 6794 6130 6056 918 8052 3174 6764 7748 3890 4207 6510 9275 1788 5019 7980 4613 1710 1075 2998 9900 1974 1056 3924 7563 4940
34 116 7449 6814 3919 5127 5587 2058 3258 7188 1002 8837 9889 5904 3912 4025 7760 5389 1831 5998 9964 9719 333 6535 1128 7528 7753 559 1081 3437 7721 4648 632 2458 2524
16 118 9386 2132 7643 8097 6353 2824 6958 6418 8338 5141 8781 1280 9068 3204 5365
4 119 1032 5974 2965
6 120 8542 4496 4888 5238 7050
18 122 8260 4453 7092 4143 4212 9564 8860 3369 3165 405 6646 3253 9598 3346 4642 2547 7935
3 124 8629 7783
31 125 8035 9092 6976 5683 6395 3744 726 2838 5975 4538 5905 9243 1241 5487 391 9028 7025 2728 1741 9738 7605 5592 829 9698 5578 3521 9124 1201 5739 6325
8 127 8788 9694 2428 4283 7822 2661 7615
54 128 8543 9257 2446 1247 2005 2864 8934 1330 1590 2870 5944 8911 813 3361 2586 9961 7988 5121 5218 9772 3262 1692 2860 6352 9636 8841 1779 924 7349 6375 8883 4371 790 9440 8766 5079 8134 9672 6582 1194 5796 5305 2184 4407 4627 7130 8006 798 6571 6916 734 1294 6852
17 129 6706 9214 6156 4736 1338 6380 2934 9318 889 9668 9537 5740 2105 9389 7718 5375
28 131 4279 8663 817 219 7629 9261 8609 2111 9360 1962 3960 2408 1063 4397 8312 3229 963 6658 2887 8936 1674 7993 2806 514 7366 3769 1478
43 132 6671 8125 662 941 3300 4193 7022 3777 1442 5052 5713 1434 6770 7931 4174 2236 4317 8855 595 2314 4314 6738 8421 3304 8831 8254 8320 9816 7168 9169 5385 8065 1699 3445 5980 5660 1964 2081 253 2025 4845 9188
30 133 5881 7290 6772 4830 2954 4288 322 4497 4819 3036 3085 4878 3420 7816 7881 5510 9232 3753 6739 3198 3740 8759 6490 1570 8541 4377 9887 9384 2498
42 134 3528 4060 9583 276 9761 3322 8590 6928 1826 8506 6563 1526 6444 4415 6993 1556 5073 5769 1952 2775 4519 2551 1799 8681 3203 8689 4780 7924 1269 2301 1977 5403 6438 8497 8633 6749 5251 6406 3231 569 3723
39 135 2221 8920 6606 5461 893 3556 3146 7815 8262 2477 9211 2632 8149 275 5539 4160 7334 2521 5843 1581 2309 3373 4089 6982 3200 8175 1613 4176 8676 5653 8861 9639 9679 4197 7754 1043 6146 9873
16 137 7554 4389 800 6213 1239 5808 984 9364 4841 3389 3455 928 8054 3255 6439
16 139 970 3754 5724 9674 4041 7703 5184 252 9235 8757 7553 7706 9412 3000 2953
32 140 961 9703 8549 5083 185 5865 2746 4410 684 1306 2756 7637 5448 3179 540 989 8116 3293 2543 9663 7495 6098 1832 7505 5449 6713 943 4465 6542 9176 4914
16 142 8558 7727 463 3241 7141 1084 8250 6652 4434 6831 8001 8821 5246 3530 1702
32 143 7699 9949 9280 9584 1706 2558 5862 9218 7343 5397 5066 247 1272 4607 5099 3190 9552 5041 2074 6057 6907 7430 4742 2706 6900 6624 4332 6058 5559 7353 1991
51 144 5528 6092 7937 4034 8786 9352 8026 8977 3099 2920 6597 9076 436 7651 747 1192 6980 7201 997 2495 6914 2394 2725 2469 3152 1963 2158 3730 3094 2643 9150 9935 6851 1186 822 1439 2432 4932 9434 9487 6697 3327 9262 2667 3998 384 6569 8101 5776 2366
6 145 3738 725 1576 8693 6405
15 146 748 4601 6962 7434 6884 1855 7602 2628 3343 4438 9433 2807 8100 5379
48 147 6890 5794 1794 3693 2218 4082 5209 6956 964 5490 8737 9625 3914 9728 9892 9599 2774 1754 2811 7308 9800 7448 5768 6773 952 1933 4975 294 153 2207 9368 8571 5441 4035 4763 4653 8729 3674 9466 4104 7177 9701 2488 8803 6295 6577 2723
14 149 5158 6277 1583 985 1486 4591 8695 8357 4970 7814 8163 1591 4490
19 151 9226 3881 5067 2692 3127 2437 4471 6293 8456 6631 6987 2914 379 6825 1848 4328 9869 1160
64 152 3042 6933 2090 8545 671 4349 4807 7132 4458 2305 9168 3519 1644 2297 7679 6509 8381 1437 2584 9590 873 5566 484 4170 9975 1889 309 6979 7767 8398 5162 6919 5108 5699 4316 5059 3326 7728 1725 6104 4930 2671 2995 7525 2315 2755 6727 6234 6298 355 6665 2160 6020 2222 4147 4486 521 7098 887 4326 8802 5352 6788
18 154 7431 6502 5124 1511 5648 3484 4019 983 3542 7182 7600 9788 9628 5639 5237 6271 2729
31 157 1913 437 1899 1207 7295 4782 589 3518 8512 8942 631 3571 1321 428 9649 548 9370 6208 2122 4651 591 7556 7676 1308 7752 9622 8732 9152 8688 169
53 159 1386 3233 8858 2150 4503 4217 6507 8049 2430 8714 7719 5334 681 1994 7648 2542 7394 8277 9822 1226 7483 1304 1174 3288 2552 3025 5151 4834 8711 1846 9811 3435 7606 1659 4946 6651 1444 2219 5600 9823 5436 9058 9512 5894 8129 8139 5016 8859 8075 4721 1470 3663
14 160 8817 3864 3140 917 7211 512 8614 2299 2948 7458 8901 7476 1162
38 161 2782 7670 996 3846 6707 9490 1520 6186 5984 8282 5784 9930 7172 1021 1365 6396 7513 2129 4921 4778 5248 4863 6572 6134 9327 9762 4942 3337 8679 4051 9206 441 8640 7879 4965 2567 3801
50 163 9743 2098 4250 9868 5846 4817 8257 530 5850 9238 2747 7375 7946 4067 6638 1217 5425 9391 2378 9165 3131 4069 1833 4153 926 3806 264 4015 8528 5465 1198 9929 6775 4298 4074 8563 8047 5563 3520 1267 6103 841 7659 3861 1266 9689 9170 5276 5513
21 165 9007 7378 4650 5281 7072 1395 8741 7232 5652 3699 6763 3433 1867 2262 8407 7342 3224 6752 4302 4686
7 166 6717 9173 2190 3325 9432 630
41 168 4018 3704 2835 3631 7000 3479 6719 8182 1657 4295 4385 2384 7656 2034 5509 8031 5311 7575 1623 3044 4090 6453 1371 5003 6991 6127 4521 9718 2570 9341 3493 9715 6079 6679 7726 1812 2287 6320 5849 6892
49 171 3932 8927 9454 8366 2351 8085 4718 5301 2496 221 8652 9183 8564 7383 3877 527 5148 3340 4476 995 1796 239 5940 1639 9222 1688 5514 2341 6258 5802 2339 9142 1023 4118 6676 300 1510 6499 3838 1834 5338 249 3713 2888 1253 7567 5386 9934
7 172 881 6259 5870 8068 1629 7854
18 176 4227 4226 9334 789 5406 7845 6909 5692 1563 5419 8622 4882 459 415 6915 9208 1342
30 178 3865 4249 4844 4177 6612 5230 6856 9570 8968 4547 1986 7110 618 3416 7912 8703 3136 7994 814 1816 4812 7661 7987 6833 6816 1404 5439 3922 2127
20 179 4581 1028 2663 4142 4269 3811 5199 2411 3135 6144 6912 5753 517 3134 5541 3594 8201 6169 5002
23 180 3920 5775 7327 4806 3350 6188 9495 7536 6364 6110 1878 8259 5952 6782 6360 3585 6637 3597 4587 9431 6133 4710
11 181 2739 8110 4351 8126 2082 2409 5995 1271 3158 6238
28 183 4910 8723 4994 3108 5886 4919 1908 7167 8481 5200 7739 3983 2508 1636 6206 8929 195 7906 2108 6349 7208 753 3352 5857 1953 7147 1992
47 184 7402 4141 8884 2609 9817 5503 4272 7867 8641 4204 7183 2138 1301 4398 5109 2332 5290 9093 8572 4167 5367 1849 4125 3079 6414 9714 3667 3284 1632 5839 4482 1578 7558 5194 1880 916 5340 1652 450 1303 260 7618 4508 3470 3645 3684
16 186 8202 6463 7967 5328 1530 1759 9471 5177 7079 5546 7970 1883 4714 496 2347
23 193 7279 7488 645 5174 9547 1190 8536 1215 4623 5684 7539 4010 9016 5176 4961 6443 3438 8014 1461 4094 9724 5582
8 196 4884 7962 2827 5294 4285 8273 5911
13 197 9414 1806 1072 1347 2125 4948 6721 6924 824 3353 5633 5899
36 199 5146 667 2797 3620 3273 4110 2772 4050 5878 5277 9035 656 9854 3275 2354 6544 623 4722 865 9996 7446 2890 797 6284 2676 5920 712 4968 3281 5468 6583 978 6530 7938 730
17 201 8704 2928 8856 794 5872 6337 4240 229 6314 732 1749 8702 3566 6947 7212 7717
2 202 2217
10 205 8836 6196 6863 6327 953 5828 982 9585 3294
16 206 2869 2009 4191 4499 5026 9605 8496 8525 1368 3928 5495 6626 3290 7940 3705
44 209 2141 2439 9874 1822 6686 4768 3050 3762 2636 1554 7045 3119 8347 5249 2276 5093 2116 7018 8908 8996 7672 9336 9060 9103 8850 1193 3184 7842 8430 7494 2788 4515 1041 6477 2947 1731 5932 5812 7888 3447 8761 287 6865
26 210 2595 670 8575 3500 9531 1163 3462 9299 7836 6695 2949 6411 844 1485 863 6270 8207 5485 6590 5728 5715 2942 2907 8816 6435
4 212 5810 2845 4502
30 214 2859 8769 7104 7499 4106 7291 6170 3400 3018 3615 5531 1324 1438 9367 7313 3124 8692 1069 2164 7195 4121 8797 2413 4924 7311 5257 1378 7077 580
54 215 6961 9470 1818 5673 3763 837 2765 9754 6459 1531 2003 3264 1740 6037 9675 7950 2825 3557 9739 343 6640 3802 6187 4983 4101 9959 5222 778 2538 8762 5550 9186 9107 3371 1837 4333 6274 5697 7550 4637 1403 4001 6373 1534 5645 8183 4366 7243 7573 714 5057 7805 4907
48 216 7251 9054 6994 4494 3636 8645 6854 8152 5133 7745 6328 4201 6902 6036 4126 2353 7384 7740 456 5854 3950 445 9853 408 792 987 6945 3831 840 8176 337 3415 4432 2066 3335 5716 5512 7959 1841 1786 7192 272 9493 7998 9338 7666 6333
16 217 846 3495 9084 2112 4159 5571 9977 4654 6774 3668 9098 6921 2415 1026 7294
12 218 560 2767 9575 5147 8233 8838 6256 1801 3685 1705 1729
25 222 2233 305 6288 2826 6334 4553 1309 6853 2330 6400 9884 6560 1514 6300 1884 9831 9090 6370 5437 321 7246 2448 4265 8300
43 223 5478 4401 4692 5883 2822 2893 3987 1149 7282 3939 6785 9793 5654 2534 7982 9376 9314 4715 5236 7037 1789 5181 6724 3534 9609 7838 5901 7053 6112 4597 7681 7385 2625 1077 9228 8522 2867 1551 1147 2577 1393 4795
4 224 7391 977 3808
59 227 1579 6440 6424 417 9385 9699 9136 3482 6781 256 4065 3380 9592 3091 7668 6868 8022 6983 5598 3387 9194 2707 4931 4239 6999 5963 8400 6616 8251 6547 1821 2642 1719 1914 8038 5416 6225 5508 5149 7515 8843 2370 1300 7855 9458 7129 4056 4342 4305 2087 2401 1453 2198 796 7766 3407 9555 8682
36 228 7985 1948 3439 2877 1761 2050 2955 7390 8289 4382 7514 1059 4534 3828 5307 2492 8040 9421 6244 1412 8449 4009 255 5047 4603 2713 692 1736 4554 8763 4861 8523 4936 6997 5415
2 233 9723
29 234 8857 1249 8562 8824 8949 4873 9629 5330 8997 3603 3359 8954 3524 5010 5964 1477 862 3792 9102 6653 5484 7124 9030 4150 1920 852 2494 9072
52 236 9246 7116 9571 9825 479 2635 1717 6237 1430 1807 4758 5168 4292 7466 3228 8917 8654 4114 5597 9455 1631 1535 4031 2509 1885 756 6768 6963 4883 3945 9316 394 9706 8337 2773 9047 6736 6992 5229 3270 9981 5043 9888 1296 5572 1863 5778 6918 2675 4775 9849
37 237 8875 5661 6392 8448 5306 2705 6450 593 2230 2055 8350 9810 6905 5150 1117 3563 2715 4469 2433 5730 3217 2148 4620 4245 3749 4475 4096 6621 5312 1180 8810 9063 3072 8973 6506 6324
26 241 8604 3016 1972 8713 1057 5268 8944 5235 3176 4043 1282 5443 9952 1768 8291 7360 5085 8482 7531 3547 9912 7023 6908 8095 9239
17 242 5718 4178 2852 6986 3066 3287 5464 1031 5013 9511 5114 5215 5526 6171 7194 3436
20 246 461 6635 2091 6106 771 4851 9536 6855 6006 7612 5547 8599 724 9241 8868 6031 4536 8132 2850
24 248 529 5051 3003 1673 9955 1426 6841 8475 2468 7303 913 9980 2483 7026 1062 4105 8042 6478 2159 8029 6025 4419 9573
49 250 9382 1325 572 1890 5669 1998 5835 3934 5524 5308 6655 3875 7776 8325 5456 9662 9908 7835 4889 5874 5071 691 5070 3175 475 8728 6953 4186 5038 1088 8882 9057 5270 3009 6128 1696 3004 9921 1183 8690 7095 9950 7491 4196 9652 3800 9890 1742
10 251 3303 2402 1929 8508 9171 477 5733 4586 3840
43 261 9685 9956 304 6445 3702 1925 5182 2286 7876 8721 3992 6876 7755 6750 3675 5945 502 8650 5847 3781 6538 4501 965 2245 6010 7262 9158 7373 1228 5264 3862 723 3434 857 7017 1978 6805 2383 1718 2716 8782 9918
13 262 3977 4733 9630 8491 2602 6859 7601 836 4959 761 2255 4998
29 263 3192 4120 5265 8345 5502 6539 3225 5036 1262 8578 4595 3576 2246 2917 5319 4374 1112 4982 9541 9101 4691 9065 2454 1061 998 505 5398 7235
4 265 566 1946 6246
15 267 903 2002 8091 905 8524 9329 3842 8902 4055 5511 5892 2780 7504 7063
22 268 9042 7133 9836 6195 3971 406 3768 8004 4472 7626 4537 7406 4929 8081 4505 2185 5626 7444 6151 2048 6157
15 269 1512 7226 8608 5477 3102 3627 5028 9374 8516 9550 3993 9505 936 7001
31 270 2151 8597 6286 5800 9862 7316 3824 273 8913 9844 1260 1732 3103 3896 1087 2425 8511 9252 9303 6528 9532 818 7963 4818 1137 5387 5401 2956 1211 7157
30 274 7979 8115 4112 6802 8544 9664 2996 4629 3863 2700 4370 6878 5616 5603 8457 2910 5643 2517 4445 1322 9339 7712 2974 8186 3457 2143 5364 9626 5738
4 277 6585 7002 8792
38 278 2520 8873 6584 7574 9442 3648 7844 3105 8472 1597 9634 759 2419 6454 8842 7171 7242 1542 7698 6391 3309 6150 4238 3756 7012 359 2200 1714 4380 1287 8971 5912 4205 8839 6287 864 4016
18 279 657 3953 5662 7974 6822 2343 1013 5180 5871 6943 3418 8076 3761 1261 9184 9841 1397
76 280 5160 1187 1492 6227 8730 1896 1704 5914 4870 2223 934 6959 1179 4391 5595 1795 5351 1205 9315 9522 5157 5831 9304 4804 9943 5260 576 3181 9395 8680 5023 5022 4703 2924 3364 5442 5941 6026 5700 6809 9260 7075 6629 3383 4617 1068 9460 7922 2044 8598 6551 7146 5731 6594 9123 6362 369 8503 5893 8772 5927 3463 6862 4008 4952 5358 2621 3271 5450 7840 6733 4276 1212 6303 464
5 283 2189 2144 3138 9109
27 285 6711 9677 6712 1548 1161 4562 1103 3302 9834 2171 4218 8379 9061 2843 7114 8849 4319 2650 5747 2902 1497 9667 4014 5154 9855 788
74 286 4466 9447 2209 3815 8315 9288 4068 2993 2830 8657 9826 5658 5837 5889 9820 3292 3177 2057 3391 5247 8829 4672 7481 5822 400 1593 8177 5474 1969 9227 4107 7468 3715 4967 7636 6554 4223 7610 1744 8258 6015 9272 1888 9415 2741 2204 9185 392 9019 5962 605 6607 4033 8296 4704 1743 2598 5213 6087 8279 9265 6899 3133 6661 8363 6932 5190 1727 4839 6132 9013 5098 7905
39 292 6033 6705 8697 532 1976 4892 6559 4723 3110 3297 6729 8550 4800 2646 3644 4579 4113 6978 8118 8234 834 4158 2317 2653 9610 7255 4618 2023 9091 1951 5826 3507 5765 8117 8823 3341 578 8941
18 293 3032 2208 3747 2832 4484 9886 1146 1586 4251 4346 7761 4681 4679 9144 7463 7996 3655
15 296 6236 5642 855 1394 3569 6076 892 4573 3197 4762 1518 2046 5507 8675
29 297 8621 1852 367 8438 7564 4335 8223 5012 2726 8956 8827 3568 2932 9114 9567 8719 7452 7459 9588 3946 442 5316 1527 5548 3788 5538 5729 8477
28 299 6786 8283 6427 2319 386 1774 9017 1418 9372 3222 2794 9775 2727 5766 6923 7818 2619 4027 3973 8005 8243 9468 7068 1169 8852 4428 3687
27 302 9666 2674 8505 1405 1213 8886 5111 3475 2857 7927 3100 1240 2575 9789 2038 2761 8427 7770 6893 3599 469 8846 7713 7738 7106 8768
26 303 9135 8988 4524 7347 9617 7131 3835 6977 7823 3564 7209 4175 2187 2660 5786 6981 9851 2714 4720 9357 3909 6159 561 6394 4037
58 308 3443 1222 3471 3598 3587 4880 4303 9752 5302 8293 8700 1907 3195 6016 4717 8754 9632 2554 9913 4638 1317 8815 375 8368 4290 7853 8348 3393 7044 8378 6318 872 1353 2610 6283 923 9196 6030 6757 2785 6071 1475 1523 2875 8170 3787 6124 4746 1101 6316 4680 6784 581 5369 735 9653 8203
15 312 2987 2372 4336 5795 3770 5469 7892 2571 7013 2178 401 9757 1345 9402
75 314 962 3665 4088 9814 1924 3921 1824 5115 1148 6214 5942 8513 8613 7144 7781 3460 7694 7061 5030 6622 4529 9130 1784 5424 5020 1016 9777 8072 590 5035 6609 9808 9445 1641 2686 3454 5015 3118 1124 8957 332 7625 8093 9175 5207 9012 6930 4941 4953 2121 6601 9027 6550 5202 7541 9944 5220 7864 6540 3178 9419 3096 3390 620 324 1989 8736 4208 3239 617 6534 7555 2587 7048
51 323 5838 7337 627 7239 6102 4903 7097 8239 3997 4567 4116 7219 1219 421 5279 9565 7983 6951 909 8436 8488 9223 8634 9751 7733 4745 583 2126 6484 6746 6045 7099 2224 4202 3621 7686 786 3526 7960 8045 2361 7653 7140 4064 5232 9290 2170 5640 2781 9220
24 325 430 2886 9217 830 9451 1389 8517 6726 6039 6101 3573 4738 1164 8976 5743 3372 2514 8664 7517 7647 3676 847 5864
24 326 6946 5353 8271 955 1242 5347 7410 2743 5807 7040 3947 2503 424 2597 3728 4337 8974 4117 4130 3120 4670 5231 5897
81 327 7662 1999 8854 2823 4960 2648 2365 8447 9832 328 2855 8220 9727 8919 3878 3476 7496 357 1100 5771 9446 1283 3151 7561 8594 8377 2770 6341 2176 3917 1248 9308 8147 2186 868 5925 2470 515 2100 3637 8790 1406 5611 8455 2435 7199 2981 6451 1602 8281 8899 5129 3632 858 3894 1828 8674 8034 7724 2799 2049 2762 742 7320 562 8230 8408 9526 5976 767 5295 8171 5164 3076 9878 2991 6758 3506 542 2436
20 329 4470 4772 7137 7957 8341 8616 9549 8610 2356 8335 6944 4693 9264 9279 3514 4042 8596 9301 7968
44 331 360 4582 9994 1435 4652 6385 8912 8925 6574 4420 8358 5619 8242 6874 8372 685 7033 801 8384 2128 6082 4549 9070 1922 7680 5088 5994 3764 7832 3584 7067 9417 3329 7824 7429 6342 4854 1171 1985 5646 3688 7799 1079
48 334 1039 8349 7404 1701 3502 6800 9910 9394 2032 2903 5829 8617 1804 9436 2889 2130 8870 7572 2979 9928 404 8686 5289 4492 5989 2192 5891 1230 4448 3070 1775 9259 3805 5076 2548 7024 1065 7732 2677 9266 6610 8818 5827 8195 6095 5690 4984
79 336 5475 6699 3660 1410 3247 702 2752 3411 2350 9180 2304 2399 8991 2241 4896 2242 8530 6500 6731 6162 2622 3306 5990 9742 9773 9096 5763 4400 9182 5954 2557 8499 4151 4730 8294 554 4262 4885 6265 2685 1299 7405 5137 7238 6412 4814 710 1414 8205 1416 1094 3167 9616 6714 7916 9473 9199 2519 1458 3552 8867 1358 8323 5155 3586 1383 9631 3943 8077 8146 8987 4847 2113 9099 7797 6561 7774 1648
39 339 2146 925 1871 805 8871 1783 5790 5113 8297 9734 1847 2326 6716 2053 3499 418 9842 2303 6307 6894 7549 3630 5421 9110 3269 2333 3538 1129 7273 3965 1432 6678 4367 6617 1605 9086 5225 7568
8 340 3489 7087 9618 4512 9911 5570 6308
4 341 5481 3421 7502
11 344 5480 6063 6116 8738 7093 1157 3406 8999 4675 4516
38 345 3020 7297 8375 9073 1329 4760 7427 1076 7769 7421 4667 6897 6384 3321 5565 6368 9224 3899 8313 4865 7321 1513 8474 9026 5657 1483 5342 1728 2094 1682 7705 3561 5618 9582 5981 8342 2623
22 348 1940 8848 510 9401 6326 6913 9044 5751 4406 7530 9503 2073 1811 1769 1305 3935 4429 4947 3758 4222 2444
78 350 6423 7136 6885 9129 2578 8724 4655 9787 3027 2698 949 7704 4304 3643 8568 7723 1715 3659 2853 1080 2536 5377 1012 3887 2555 3780 6985 8080 9733 4363 4127 4163 4734 9127 9439 4473 7305 9233 4132 571 6740 6941 3812 6565 4488 5706 8153 5744 9469 4506 8519 680 2593 6523 3698 8580 4404 1482 8434 2028 4630 5362 4203 6674 8576 7500 2958 5144 9345 4146 8411 5075 3307 2063 2990 9847 2296
52 353 7866 3166 1259 9936 3972 3291 5000 7785 2738 5584 7925 3033 4599 5132 6675 3144 4792 1866 5969 2522 8324 5446 7999 3481 3984 762 2045 8321 6685 7300 3915 2816 1145 1763 745 9840 6593 7057 9907 6285 8785 1033 4557 5300 1311 3312 4000 5178 4699 4321 4381
5 362 4918 7685 4726 9036
53 363 8687 6049 3546 4575 2815 9254 4739 5647 703 3490 4684 2004 1233 1553 980 5821 8435 4229 7990 7707 8892 7587 4887 8938 4588 3061 8864 8498 9553 4028 2429 8159 8866 4657 4786 6220 1116 8667 9216 1284 7355 2210 9614 737 3933 9813 7325 2486 3403 9015 2406 4569
70 365 6936 6681 1373 8746 7798 6973 2603 6634 2624 4766 6322 2640 1132 1588 8309 2179 6292 8907 3487 644 8538 9443 8897 5055 4906 3121 663 2701 3199 1679 861 1695 9256 3889 2689 1487 1544 4313 4040 7038 1351 7763 2029 1840 2541 7725 3751 2247 981 7635 3691 1332 6742 1447 709 6067 2348 3498 9240 7121 7139 3700 5719 9881 8928 9305 2537 8136 511
18 366 9337 7860 1107 5929 7825 8382 9022 7862 8567 5629 7562 1930 9686 6371 7604 808 6513
6 368 3734 8627 6673 624 2787
7 371 6783 1615 3182 6431 9100 5234
16 372 8789 3602 6306 884 3053 4412 7507 1543 5950 8958 7112 4461 7286 7174 5042
16 374 3428 4198 7119 8742 9069 6501 6838 1381 3141 8371 8197 4039 6779 6573 5518
41 376 1131 3926 3449 4003 6224 7409 6042 4761 3336 4525 2043 7437 1035 6735 9530 2800 3942 9378 9852 3574 4731 2724 4161 534 9990 897 9516 7497 4823 9953 695 3132 8010 4811 8615 6469 2275 7223 4054 1596
95 377 3145 2368 6720 3240 586 8057 612 7584 6416 2512 8540 3682 1491 1123 2085 5949 629 4165 3396 4568 6766 4093 4765 3492 4949 3442 6304 3680 7833 4799 4195 7161 7078 9097 3086 8454 4241 9696 425 8851 5818 8441 795 4413 7076 9457 1459 4053 2633 5068 3778 3314 3798 3486 3496 6191 8094 7638 777 7464 9821 6829 8190 1206 3382 1606 6747 9678 6743 7585 3031 4281 6350 5060 8405 6741 8467 4139 1481 8965 8527 6797 8274 2978 5378 8112 8247 3976 486 3279 8229 9802 1851 8773
10 378 6305 3629 3843 1567 9479 3013 999 8069 3074
52 387 2935 5757 4286 6129 7884 3817 3220 5581 7671 5325 5579 5580 9737 4945 1457 5553 4294 489 3054 775 5504 8396 3244 3047 4879 774 8607 7082 1973 9465 1480 4233 2465 5086 6107 6494 8119 4449 2173 7578 7440 7055 8635 3996 2915 4417 8255 9245 1869 2528 9004
8 390 3796 6153 2926 1027 1678 7220 9558
7 396 5527 1335 7520 5120 3529 2099
13 399 8393 9002 3191 2964 5187 1337 3955 5926 5560 5649 7533 6279
71 402 3722 8017 9139 5348 6007 1882 1862 9145 1093 6553 8154 3150 3803 1839 8083 5460 5721 871 5523 3286 1319 1423 1934 435 7408 6703 4545 3604 7955 5791 8248 2274 8963 4633 2617 9681 3360 6846 8646 9999 7180 2226 9231 842 1224 1291 2790 5427 8208 4451 7821 2447 7338 765 2944 1571 1463 9450 6517 5006 7898 3578 8895 1939 7169 6358 7043 2203 5361 6644
49 403 3440 7642 1521 4081 1787 3172 6790 3669 5333 4045 3446 4002 5095 7846 713 5540 3657 7792 4148 9477 4368 4299 5856 9885 6176 3776 6429 9591 7535 2180 5607 8422 4729 3413 4467 3613 1234 6035 3577 809 1254 821 3739 6761 4995 9759 8225 9025
3 411 5310 4405
2 419 2976
9 426 1318 7521 2197 4403 4268 5923 9643 8918
12 427 6704 7969 677 8056 8853 1683 8086 4138 6149 1454 6614
69 431 2027 9925 4006 5343 7552 6643 2892 4489 3212 452 1276 6099 3035 1370 2983 4263 8668 2145 1096 4495 3654 6084 9203 1564 7418 3622 7973 4856 2042 1708 5833 895 5395 815 2359 5705 6253 7758 4614 7901 755 5131 7831 1856 9387 3539 4498 7051 5772 7102 9209 7889 2730 4563 1455 8021 9082 8796 7184 9221 7710 4411 5101 3357 1843 2380 9444 2784
31 444 7742 9647 3543 6692 6343 8198 6078 635 1471 4457 6521 8328 3245 5814 9611 9140 1004 3365 538 7451 7897 4234 7913 9500 3057 5875 5402 3351 6663 5936
3 447 4981 3386
9 448 1086 4485 1500 4923 6070 8487 1361 3810
39 449 2500 8109 2060 1054 7948 1906 1941 4843 7546 2704 4836 4857 7771 6967 8844 6050 988 6336 3477 7445 5636 3852 3990 6100 7523 7594 2321 5805 3978 5283 652 1362 9134 7926 4540 9210 633 2405
7 451 6541 5844 8030 8402 2249 4881
8 453 2896 5787 5536 3046 6806 7756 2089
8 467 4894 1537 5318 4296 6798 2162 6755
4 470 2360 3408 693
29 471 9883 6096 3129 5617 2684 4958 9824 3982 4092 3900 4070 8020 757 1616 6886 4253 8811 6193 1506 4624 2311 7094 7469 5344 4206 8951 3771 7362
64 472 1118 6715 5166 7062 4966 6748 5483 6268 3266 8581 8224 4988 7579 9350 9425 1603 5128 9501 5682 6672 2840 3679 1524 3646 5659 7256 4192 1876 7126 5670 2283 7206 6272 5447 9624 8661 4609 9529 5493 1173 8972 7070 9730 9758 3268 9326 9077 9671 8869 7034 9783 4210 7096 6273 4510 7113 9557 5491 882 3527 4962 6898 2848
37 478 494 7143 4700 6062 9297 3759 3732 6693 1970 3017 8414 7826 2461 4900 1722 5011 8806 5001 708 2568 8706 2695 6896 6840 8520 7265 7658 6877 1655 4459 8188 5337 5779 6873 6269 9045
10 480 4532 8018 5830 3467 4913 4682 2742 3063 4237
26 481 2010 3125 8137 6315 3414 9923 8048 8930 1897 495 9333 9859 6403 3591 9948 2434 9805 4920 1662 1912 8962 2844 3814 6495 6730
14 485 5764 6911 5009 5873 8292 5978 9353 9523 2463 9709 845 4890 8636
29 490 1498 9059 8764 4787 7217 2637 6009 2821 4986 5752 6995 3109 7989 2196 4972 6465 3902 5408 7877 2665 6040 5672 7392 8409 2329 5029 2871 5470
11 501 6828 3354 6769 7280 7746 2308 5686 8515 7677 7961
4 503 4254 7176 1327
18 506 4187 967 1966 2199 1245 4829 9105 2545 1981 5466 9032 935 1159 7965 2810 8158 9713
38 507 3799 3213 1440 6518 3830 8025 5048 9283 4509 9641 1246 7307 1346 5376 6458 9665 6536 6549 4842 5986 6723 2732 2939 7465 2865 6281 7252 4531 4688 7915 4468 8658 5435 2884 3468 5685 5758
25 508 6182 3113 9009 1667 6568 7170 8301 2898 9771 3793 5039 4085 4741 5037 9633 641 7395 7943 1126 4755 8016 4877 8492 7899
13 509 2054 2416 932 7807 1550 8784 7214 2079 4353 6413 6762 4352
5 518 9066 9242 6955 9748
2 519 1859
22 520 2899 5888 1668 7085 3022 2285 4626 5979 3930 5933 6158 9291 9579 3488 4427 5789 2866 6052 9846 1508 7287
62 525 2748 851 5935 8214 2950 4951 1411 3720 2836 2397 4500 4808 8832 2310 2205 4156 5701 3090 1935 5080 8560 8437 8221 2760 3137 8200 5606 8461 5223 536 8051 6807 4596 6895 2237 2740 7684 6381 8767 8401 7506 7241 1703 1844 5186 7339 6492 5576 8157 7868 5884 7714 859 7518 6266 8161 1263 9164 7789 8037 4247
2 531 9163
3 537 711 7165
23 543 5103 6081 8079 3623 705 2284 2193 9049 4848 9637 2750 8397 7357 6532 9359 5985 5996 7997 5702 7101 3345 7260
29 549 9207 7127 1684 4750 772 3966 9274 3052 6525 9146 1984 6165 6529 9978 3880 1005 9205 2751 9894 8241 3432 4129 9132 2708 2273 8451 1820 1136
7 556 3639 6120 8303 6254 1185 2691
50 557 9491 1158 3834 9453 4379 5983 1070 4280 9880 4230 9390 3820 5848 8673 803 8082 2818 2754 2851 2608 5242 8023 5239 3342 8553 9750 7588 4310 728 2131 3401 9405 6557 7529 8168 823 3084 8961 1232 9946 8521 6503 8981 1536 7125 3789 3422 9312 1665
61 567 2736 7138 7944 5457 4869 8783 2720 6369 4100 5152 4168 1285 3344 3893 1709 5409 8630 6276 4232 6850 4396 874 9986 972 1467 5773 2919 9922 8199 1573 8800 8758 9507 5287 3885 5063 4668 6468 9021 8217 7848 5061 7619 5919 6147 8606 6527 927 6335 1091 8104 2618 7730 3652 2616 6605 2059 3870 3469 3876
8 574 8071 2904 3419 1509 9438 9697 7895
9 575 1733 1384 3607 7837 3959 7654 3661 2938
2 582 8799
7 587 5819 4058 2814 672 4635 6074
2 592 3232
42 613 6302 5695 8989 9258 7614 6939 1336 8931 3822 7975 6689 7630 6114 1810 3567 7266 2225 7122 1274 668 2606 6219 9897 770 4086 6792 2072 7197 7457 3726 9508 1227 2880 3964 8169 3841 9319 4513 7190 4827 2634
12 616 6222 4571 8935 1343 4954 1594 4643 6710 7747 8979 7021
11 621 8994 1979 4038 2065 6251 7817 3323 4963 9480 6596
54 625 4980 8502 6497 628 6836 9538 3807 8123 6178 6117 8442 1835 5664 9833 9809 2878 2837 4855 4149 7809 1382 7939 853 1983 7971 1264 4136 4837 7565 4011 2943 4350 7786 5118 9237 1823 5709 4593 6339 754 2694 5261 5549 1561 5589 2095 2733 3689 1957 6737 3913 9932 9786
14 634 5123 4022 2259 6022 4973 6243 3601 2737 3062 4063 9400 8905 5823
7 637 3173 9003 2441 8559 9586 3967
10 638 1036 8672 1997 7089 4816 5515 6810 9603 1270
28 646 1221 1584 8304 1401 2490 9717 9596 5745 2861 9234 1334 1780 7420 1251 2462 7039 1686 1803 5530 7595 2655 7788 9388 7839 3208 5569 1533
2 647 5211
14 651 7269 4646 8708 3073 4061 8510 9277 5667 2895 1155 7736 3868 4320
4 655 1449 9645 1369
24 658 5078 7284 875 1388 3895 9197 5939 9920 4267 4399 4287 3339 8306 9693 3583 898 8891 7376 4939 8092 5381 3030 5280
85 679 3757 3385 5062 4048 9612 2908 5693 1670 2531 2601 4543 7890 2156 3501 704 4950 9797 5760 9690 2960 6069 7163 4478 2322 1421 7743 1172 8316 1842 4236 3010 9413 4483 1861 9917 3558 6820 5253 5214 1618 1144 8493 2744 1587 9191 9725 6472 6434 1044 5355 2973 7628 1713 5252 2690 4987 8822 7416 7548 4059 7493 6226 7454 8185 3223 5143 7977 2294 4463 894 2172 8359 5558 5907 2248 1071 5948 8244 1891 7486 7657 1582 2638 1522
2 694 7917
6 696 966 9285 6420 7332 3837
2 697 1333
29 707 9137 3961 1879 3388 6514 6047 7254 1202 8760 2764 1200 1617 6592 7160 9181 2109 2302 2318 6086 5677 3936 6920 2588 5391 3083 5317 7903 8887
13 717 2721 6520 4369 7107 4565 3927 5922 4735 7631 8061 5372 6012
3 719 722 5987
27 727 2580 3619 7904 5663 3523 7274 890 6966 2553 1646 959 5977 1918 3459 6011 3014 2214 4825 9535 6309 4257 2959 951 8631 3540 1697
10 731 1815 6008 5960 3311 8164 9403 1601 6264 6960
70 741 3533 915 7812 9249 6543 6085 2295 5556 9621 1168 3465 7016 2682 8453 2001 2672 2615 4641 4425 5999 8362 2424 5890 4661 3986 5767 9997 6386 9655 9931 7015 7370 4551 4244 8915 2181 7696 3616 2420 1366 8226 3485 6645 9373 885 945 3874 2374 1900 1720 8181 1331 4999 4409 8779 3214 6861 1800 5841 7413 8043 2709 4437 2349 1653 6038 8637 4683 2532
39 744 1170 3238 3261 8960 2083 7335 7283 976 4604 3058 9000 8943 7802 8278 2387 4023 7193 7640 2856 2476 5188 6118 4007 4705 5094 9524 2688 2269 2491 2812 9945 7478 9691 860 7152 2515 5551 2668
11 749 9313 1975 6181 7951 2422 5678 8619 2264 2008 7052
22 751 7472 4390 6426 6330 5210 4754 2166 3280 4072 3733 5522 6075 6849 3537 3254 5024 764 3338 8062 2957 9580
10 769 5615 6408 7281 5414 4899 8648 8420 1298 1106
25 783 5858 3093 4912 5992 7512 9867 7145 5091 7547 3752 9574 3677 6077 1015 1115 7340 4895 1108 9876 5032 9148 6641 8556 5050
60 784 6113 5552 5263 7914 1681 5368 9957 2673 7590 1860 8969 9075 5756 7519 2550 5126 6677 8950 3904 3037 4514 3209 6485 3236 2937 9456 8141 1466 9804 785 1092 8406 2097 3185 6319 2735 5224 9581 2986 7489 8213 5106 787 9174 1685 2612 6581 4271 1630 4324 2266 3906 1765 4360 4479 2789 3080 4702 5092
15 804 4523 4260 8033 806 8533 1010 5444 2229 7599 6799 4556 7934 9255 5666
46 812 2220 7259 9344 1349 6282 3596 2061 2460 6759 2941 1748 3077 5947 2114 5212 3550 7292 4464 1949 6949 8662 867 3409 5824 5380 6209 8685 8131 3163 6004 4826 8128 4853 3237 6260 4273 1663 8501 9517 6248 7933 1001 8305 9354 8009
3 819 8964 9147
6 825 2911 6508 5217 3510 1540
18 826 8344 2905 1827 7480 7813 7031 2626 4462 4649 9620 1798 4770 3081 2119 7806 7775 7492
21 828 9746 7803 8088 9306 2102 8620 8531 9896 2529 7306 9143 4584 6801 8743 7856 2749 2516 9041 1367 4690
8 838 7423 4128 3362 3888 849 8548 2712
5 869 6940 3334 2480 6650
5 870 6240 7319 3901 3554
22 876 9608 3230 7461 9744 4997 6984 880 9020 6531 2257 940 2376 2088 4108 9094 5621 3308 5432 1559 7365 7796
13 891 4580 1947 2345 7622 3559 5110 7524 1464 7477 6974 9941 2288
3 900 3472 5407
60 902 2940 1141 7309 7689 8588 2346 3804 5384 5900 1516 2334 3324 8914 5413 5138 5801 4933 922 6005 1721 5142 1545 4231 6882 9870 8439 6795 4813 1557 2808 4091 8623 2165 6185 2539 5366 4522 7829 7778 3683 3028 9292 8063 9933 933 5519 5119 5056 5018 5034 937 1022 5712 6496 4020 8298 5410 7810 7608
11 944 7893 8212 9528 3941 4441 5866 946 6952 4605 9650
7 950 6533 8582 7624 3038 7422 9544
2 960 9838
2 969 9866
2 973 6356
11 990 1626 2427 3649 4518 4517 3355 1195 9829 2487 8174
24 1008 5165 8671 3466 2471 4220 9005 1658 6700 9569 6329 7210 4029 3015 8535 5459 1279 3614 4255 9452 5327 9358 8932 6625
20 1017 2377 6489 5710 7551 6262 5069 1538 7156 5172 4224 4619 9023 6558 3092 3328 3522 1484 7471 7820
73 1037 9159 8090 6808 2805 4169 1052 7186 1097 2699 8055 8162 2369 7387 2464 2906 9619 1451 6115 7236 7088 3825 8490 1932 8155 3392 5454 6628 1664 8012 7632 5590 5614 9509 8814 5472 3248 6487 2596 7945 9807 9289 9976 1082 7646 8756 2475 8210 4359 5089 5140 5788 2473 5501 3549 3729 1257 4783 6608 2261 7453 1316 5711 9080 3374 2544 8712 6667 9113 8583 8228 4235 8470
35 1090 8592 5853 1649 8655 2035 4357 3536 3974 7263 9399 6803 1297 4790 1528 1110 9602 3450 5913 7377 8554 1546 2282 8058 8660 8036 9001 9563 2881 3196 1474 3995 2385 8514 5392
5 1099 2923 9407 9404 6680
9 1105 4793 6823 4872 8539 7655 8753 2999 7697
17 1111 1119 3706 7711 9657 6860 7741 7435 9904 6633 3826 3497 3653 6564 2530 8019 7153
7 1150 9966 3024 9684 3857 2969 5193
2 1154 2388
3 1177 3918 1289
8 1184 3589 1928 8192 4111 3221 8940 2431
4 1189 8478 1199 9615
27 1208 1687 5656 2272 6780 7447 4709 4737 9970 6771 2231 7780 9938 5243 7128 4725 7923 1943 7808 5665 9198 9765 9062 3633 5953 2834 9577
5 1235 5918 5930 7270 3474
10 1265 9424 2324 5958 4925 9089 1268 1503 5284 8959
27 1273 6111 4893 6728 1819 9120 7627 3162 8473 6255 7198 3638 2327 9396 8612 4209 1288 6366 6972 5489 7593 6189 9987 3580 1350 2533 3708
11 1295 7386 8847 2862 8070 8774 1937 5877 4097 2936 6164
