2 2581 203
2 8890 2418
2 9504 4796
3 719 306 0
2 2384 1135
3 4679 364 1381
2 7013 1855
2 8670 2573
2 8773 476
4 563 492 1 2047
2 1178 7468
3 3578 872 23
2 3654 1880
4 3696 1000 2 7150
5 5137 1159 3 815 206
2 6031 2591
4 6252 311 174 7
6 7109 2176 4 2243 169 5947
2 7227 7206
3 7270 978 8
3 9256 4887 5
3 549 6321 2736
4 1105 1817 6 2181
5 1563 2660 9 1820 7238
3 1776 3321 2053
3 2015 3202 10
2 3358 1192
2 3647 1339
7 3708 1376 11 2513 3946 4336 3047
3 4829 1067 5067
5 5649 3539 12 3690 4911
2 5991 1399
3 6039 2528 13
3 6403 873 5982
2 7325 6517
2 7716 2887
5 7862 5480 14 7249 7524
4 7913 7110 15 7062
4 7936 7948 16 3340
3 8184 666 3560
2 8227 9927
3 8578 2212 180
4 8758 8088 17 641
4 8878 368 499 18
5 8965 1555 19 5908 6917
3 8967 20 2509
2 9121 4027
3 9449 1146 773
2 9459 5071
3 9550 1023 6527
3 9913 1208 820
4 21 5557 5593 2288
5 22 310 24 5328 7774
2 25 1027
3 26 5540 3381
3 27 354 9044
3 28 5780 30
6 29 8102 9084 1874 766 31
3 32 9349 240
2 33 7655
2 34 4469
4 35 2718 36 7576
5 37 6591 38 5630 1345
3 39 5441 44
2 40 5091
5 41 4894 7648 4352 2939
2 42 8605
2 43 5968
3 45 7363 9803
4 46 8440 8711 218
4 47 1252 8071 48
2 49 8571
2 50 7581
2 51 1922
3 52 3291 943
3 53 1246 54
6 55 768 7347 1061 56 6222
3 57 4411 5513
4 58 1387 7198 4148
3 59 5577 728
5 60 5796 5468 9627 2359
4 61 3055 1973 8563
3 62 2682 1284
2 63 8303
6 64 2781 6340 1590 7684 65
4 66 3477 3147 1022
2 67 9287
2 68 9693
5 69 7804 70 2742 2291
2 71 6960
3 72 5444 74
4 73 6874 1995 9289
2 75 7972
4 76 454 4074 2758
3 77 9186 78
5 79 1086 242 5637 109
6 80 288 7605 9054 7699 2670
5 81 8204 2412 82 5432
5 83 1778 84 1122 5514
5 85 7891 2346 86 8261
2 87 6238
5 88 3607 4948 5983 89
3 90 2896 9483
4 91 6202 9251 4604
5 92 3608 93 9880 6829
8 94 1388 2025 8693 5693 9575 4725 757
5 95 4644 1018 96 3262
5 97 8998 5959 3693 3491
3 98 1803 835
2 99 1956
4 100 8224 8306 102
2 101 2951
4 103 3493 3824 104
5 105 8035 6463 106 9620
3 107 4709 7813
3 108 3315 3829
4 110 7023 408 9231
3 111 5608 3507
2 112 8192
4 113 920 9864 6544
2 114 5903
3 115 2426 6190
3 116 9346 1507
7 117 375 5934 3990 6200 7196 3760
3 118 1002 4011
5 119 9255 7320 8719 1114
4 120 3758 7346 1785
5 121 6563 9763 122 6807
2 123 5059
2 124 4941
3 125 4714 3827
8 126 5868 5134 1323 8153 3339 7983 4552
4 127 6597 5829 4471
5 128 9274 6745 1844 130
4 129 5332 131 8223
4 132 565 8643 3230
5 133 2056 4329 135 814
3 134 3194 9925
2 136 1488
5 137 1908 6912 138 586
3 139 2883 9377
3 140 3145 8397
4 141 5562 923 2841
2 142 7161
2 143 7464
3 144 4765 801
4 145 6332 5322 3903
3 146 7355 1190
3 147 1319 3362
3 148 8950 2214
5 149 7102 1554 6319 5679
6 150 2973 6711 3936 151 2448
5 152 1269 4301 153 8029
3 154 9740 155
4 156 9954 157 4737
6 158 3393 7126 6229 7808 5158
3 159 7108 1344
2 160 9418
4 161 656 209 5226
2 162 7779
5 163 8024 1209 7239 1545
3 164 4048 6686
5 165 2428 6622 428 6345
7 166 2915 6377 167 4642 3681 6965
6 168 1194 7122 170 7980 5069
5 171 9364 5670 3988 9723
3 172 7444 1626
3 173 5090 7147
9 175 348 9557 4470 8792 613 9798 4266 3401
4 176 2000 2350 6937
3 177 9985 8824
5 178 7246 6879 179 6756
2 181 7132
2 182 4520
2 183 4138
5 184 6076 6520 556 7275
3 185 979 4006
3 186 6277 7061
12 187 2247 3555 9291 4058 7929 6199 8447 5008 5553 188 9948
7 189 5377 3193 190 645 9177 930
4 191 4983 5883 723
3 192 2942 1529
6 193 7554 7830 212 1695 1206
4 194 5100 2308 4793
4 195 9645 7630 4467
6 196 2497 8788 197 6350 245
8 198 8126 9108 985 8778 2640 6938 961
12 199 567 4656 9514 6825 933 3685 7993 9100 2194 4857 8823
6 200 8149 5491 4717 2265 213
3 201 6168 6090
5 202 3445 6610 204 4488
2 205 4646
3 207 1094 6834
3 208 5371 2430
4 210 856 9252 2177
4 211 7575 214 2004
5 215 8653 9574 8848 4528
3 216 5343 5478
7 217 8097 2881 1453 9828 6074 9270
9 219 5086 1315 7455 7119 7314 2788 7379 8596
6 220 7259 5453 1216 262 3622
6 221 1189 3122 4112 5249 5473
6 222 1560 2297 2445 223 782
3 224 2738 3270
6 225 6078 6645 7483 8290 8402
3 226 1944 9359
3 227 5457 4557
3 228 1821 9451
4 229 1940 1176 8587
5 230 4940 1324 3849 7433
3 231 5288 404
8 232 2121 1459 8595 3766 5327 3079 1019
3 233 1140 2486
3 234 6160 6773
5 235 2866 236 5238 8289
3 237 1235 7773
2 238 8253
4 239 9262 1867 9868
12 241 2409 9743 7668 4340 4815 7397 1786 982 5484 2092 6305
4 243 3088 244 2492
5 246 9276 651 4367 8528
2 247 292
6 248 3442 2031 2753 3086 3207
5 249 6416 5967 4419 3341
3 250 4082 4868
3 251 8911 9462
5 252 5686 2977 584 7678
8 253 4152 6663 9218 6228 2258 9488 5565
3 254 1143 1546
5 255 4433 4802 5914 9489
5 256 3680 8845 6760 3367
3 257 6583 258
4 259 8161 8206 7811
4 260 9658 8077 4483
5 261 2099 263 7134 2090
2 264 7075
3 265 2684 9986
4 266 7711 4070 2620
4 267 8055 2717 6753
9 268 474 8520 6735 881 6114 5437 8500 7482
2 269 5985
2 270 4736
6 271 4693 9744 7916 9249 3614
3 272 6744 1998
10 273 713 2986 7799 3090 5358 1734 5307 8553 4317
7 274 4605 2731 6588 4100 4898 7600
3 275 4588 8000
4 276 1736 3767 2693
9 277 6654 2026 9640 4854 7816 874 2541 281
4 278 4838 279 8281
6 280 6512 6921 7453 282 9870
3 283 4698 3709
10 284 1773 8086 2706 4687 7399 8326 446 1930 5954
5 285 5603 3326 3580 8330
9 286 7114 493 8477 1784 2453 996 2825 6293
4 287 7383 289 357
5 290 9680 989 2751 3638
7 291 1183 7229 6269 1674 3634 6338
7 293 7782 6548 8441 1249 2035 3975
7 294 8786 7810 9160 3245 2735 6018
2 295 8851
4 296 507 7691 5931
7 297 585 8395 5445 5245 7284 4417
2 298 6173
3 299 9563 2007
4 300 415 8968 301
3 302 9826 5048
9 303 1335 7957 3655 2917 2695 9402 4629 7025
8 304 7466 2229 2557 6729 1553 3552 9145
2 305 5969
5 307 5970 4415 3906 2314
5 308 1450 3640 9581 5236
5 309 622 1706 8946 370
4 312 664 3778 3178
4 313 2928 3729 2709
2 314 5979
10 315 2774 2112 6399 8902 1513 2760 4768 7247 1818
4 316 5625 4901 3912
4 317 482 2016 583
9 318 1992 8020 708 442 5724 8904 3060 7760
9 319 5049 7599 7553 808 5168 964 9473 6732
6 320 6850 6298 2407 7662 8606
2 321 3689
4 322 1781 6129 5254
4 323 1442 7490 6307
4 324 2192 4584 6795
2 325 377
9 326 6475 6662 1228 5279 9478 2009 1789 3705
3 327 7915 8504
13 328 2720 3317 1528 3921 7248 4913 8780 6913 3774 2402 3905 4021
3 329 7297 2826
5 330 9920 2110 4654 9824
4 331 7019 1979 6143
7 332 9503 1565 3779 9830 3505 7909
7 333 9090 7319 6226 3407 6049 6115
4 334 7718 4523 384
3 335 774 9530
2 336 4949
6 337 9306 5755 6387 6667 5589
4 338 8481 2893 8047
4 339 9943 3847 7506
5 340 7823 7866 1016 9702
3 341 5705 3887
9 342 3949 8667 2323 6256 4373 9675 9676 3724
2 343 7195
2 344 8730
5 345 9939 8658 494 5085
3 346 7646 5742
4 347 3740 9579 349
9 350 9666 1800 4232 2336 9428 1959 5317 8875
4 351 576 2768 6415
5 352 9062 1685 6868 3225
12 353 6058 1830 4274 9908 4175 7516 6057 2175 6506 3236 7566
3 355 4636 7632
7 356 6866 8373 7071 9126 2123 4252
7 358 866 9836 6688 2965 7763 391
3 359 9288 5573
3 360 7097 396
7 361 6064 965 3181 2500 8840 3431
6 362 3666 2417 533 7863 6029
7 363 2796 5387 2762 7859 6936 8623
5 365 3731 1297 1217 7990
8 366 9353 3253 8857 4073 9053 3711 3635
5 367 6822 5003 7706 3966
11 369 601 5373 4032 698 3926 4926 5731 6746 4422 4750
4 371 1875 6503 2816
9 372 6381 700 5324 2944 7613 373 2125 8493
6 374 6247 8978 5243 8245 5578
6 376 4863 1024 8864 2941 9515
6 378 3232 1313 3895 6515 379
10 380 5500 7686 3414 8073 1325 9245 440 7242 8776
8 381 4228 8353 1222 2966 8111 382 6630
3 383 4936 1879
6 385 2105 6208 5864 5419 7835
3 386 6262 7809
4 387 9071 5597 7015
5 388 8038 9741 6647 7621
3 389 1949 807
3 390 7757 854
3 392 1825 1585
5 393 7987 2237 2074 3795
15 394 4066 3311 4648 3409 9242 830 8435 2495 8040 9325 836 4004 6150 3749
9 395 6119 946 674 6003 1199 1168 4150 2240
8 397 3104 9267 4020 5099 6132 7971 7535
2 398 7476
4 399 1981 3751 3861
8 400 5027 7088 4836 2343 4072 8828 9914
5 401 2534 6017 1469 7494
5 402 6832 592 8599 3288
10 403 2135 7687 1937 4154 614 8323 7546 7609 3028
4 405 2444 2338 4818
3 406 1231 4795
2 407 4321
9 409 8458 5885 9649 7737 9381 6274 2171 3870
4 410 8028 8199 4837
5 411 3692 6815 8900 3810
7 412 5955 5674 2236 905 8561 8722
5 413 2347 5133 6302 7899
8 414 4227 530 8486 2858 3888 9138 8070
3 416 5802 8994
7 417 9046 3334 1721 8662 8687 4420
5 418 9726 4012 3074 3402
6 419 9670 864 908 7362 423
3 420 5975 421
13 422 5853 5584 5783 7034 9561 4355 9812 813 5152 871 5749 7509
3 424 4332 7834
9 425 3952 819 7328 9264 4043 3320 6601 2303
6 426 921 5094 5689 4263 2272
3 427 4559 553
5 429 1317 4379 1351 9047
3 430 4267 9834
2 431 3650
3 432 7241 2014
6 433 8133 8830 9232 2197 3161
7 434 6146 6382 8237 9899 5268 5784
11 435 2198 2470 7503 7187 9804 4810 3503 2002 7352 5368
4 436 1640 6301 4139
2 437 654
3 438 4824 9533
10 439 1013 4507 1421 524 1682 6363 3609 9687 1030
5 441 8996 3330 5450 688
2 443 1015
7 444 2790 1777 8510 5919 605 1849
16 445 1833 4842 7889 5237 4435 3176 9976 1628 5306 9718 3597 1666 1408 1597 9458
3 447 9026 6703
9 448 3830 9845 640 6607 3877 8576 477 7522
6 449 3169 1670 1415 6618 8345
7 450 3044 6775 3699 2690 4468 4617
2 451 8727
4 452 5650 8340 6006
8 453 2079 9112 3271 7534 3073 5346 463
3 455 726 5042
7 456 1132 657 3179 9206 8207 8690
11 457 7028 5710 6155 5917 1561 6251 3091 4712 867 4028
6 458 8449 7129 9463 1430 9520
11 459 7438 6420 4003 6098 1843 7982 7619 7191 8264 3868
7 460 3151 5963 9752 9731 9170 3077
10 461 8609 2809 3049 1310 2649 8598 8291 1854 472
10 462 4914 9065 2869 7364 487 5961 7658 5753 5770
2 464 2038
