42 574 1643 629 7333 1784 3095 860 6995 5118 9835 6281 2600 5075 5902 830 9928 7866 6786 6453 3442 7266 4298 5986 4351 4400 2559 9997 3248 1600 2070 258 2685 7130 7369 7225 9542 7498 3210 3082 4403 9557 5378
42 7024 2526 336 6615 1521 1229 8132 256 4967 8615 6994 7979 221 8721 3915 9344 3836 6950 3053 2175 2850 2011 1555 2215 5620 4200 363 9912 3152 7513 7539 7183 8348 2978 9548 675 5686 1772 682 6498 1051 3871
39 3545 7954 5833 6622 1960 4076 240 4087 7074 553 130 8860 5757 247 8943 3729 6796 2495 8596 345 7009 4223 1175 5135 6727 4059 7244 3556 4220 9978 1794 5469 5175 939 3885 6218 4788 8585 6345
42 6373 3895 384 1299 9460 925 905 9803 7496 9894 5360 6508 565 5763 5903 2891 7105 7215 6777 2180 8870 9659 5132 8212 9132 8999 7158 9518 7431 9139 9281 6916 7512 7460 8145 4450 7478 5797 5499 4600 2106 8163
44 699 2328 181 7223 5626 7205 6242 8936 1335 1043 3959 9381 87 9663 7418 261 1606 4202 3377 7108 1566 8632 6511 8675 5650 5088 7795 1201 2068 6087 4150 6008 895 1632 3977 7879 8497 9805 5840 6143 3757 3497 1211 8180
37 7329 2650 3692 8626 6385 4871 9007 5142 5910 5069 5300 2813 8767 5198 4194 7766 4715 2431 6826 9922 8465 6365 7083 9211 4564 2148 2377 105 7078 9064 6719 4872 8564 758 8104 4258 7004
40 5439 7972 2847 4505 9690 572 1020 3697 8639 1536 8742 303 5832 8763 795 5156 4617 3361 1396 2491 4629 5749 740 3886 9646 1182 4444 2524 4633 8205 7251 376 232 9106 7579 6390 9407 5538 7725 6806
42 7706 5738 4235 2717 9957 107 1731 3566 50 5913 424 1523 9775 8728 3408 4111 2683 567 4222 8744 7488 4776 8061 6066 5352 8592 4924 3023 6663 9118 8573 8798 5601 6851 9479 6295 7372 471 5259 5041 3173 1567
43 9213 1221 1472 7305 5961 8285 4738 6240 7847 20 1741 2313 2186 3765 4315 5407 9504 2111 5295 401 4362 3225 911 18 9238 6357 1319 6512 8762 314 1474 6167 9190 8985 8238 9681 996 1339 6273 9011 3031 7844 5752
41 9035 6996 6645 4486 3880 8382 500 8552 4921 7189 2119 9150 9175 1591 8900 8508 4432 2793 3227 8502 4520 1934 8736 2613 9887 5079 2672 1610 5193 7340 7909 8008 5308 8026 2557 8075 4577 5071 7888 7633 9004
42 370 955 3051 583 8528 4849 638 2178 3342 5318 511 85 2826 8520 9 3360 4539 206 4019 1905 5726 7171 1919 6701 4212 3661 8018 9425 5455 3726 5148 2649 8638 9615 5585 4363 4204 9028 7021 7542 1954 7748
43 640 9980 741 2359 8051 4254 116 7093 4014 7050 3655 923 4610 6780 1789 6383 5256 8532 9777 4036 259 3155 9589 9212 9068 5531 120 8266 7762 6920 8747 5851 9849 1257 8154 9576 3193 1046 7785 1528 9829 1194 9844
41 2355 1755 1159 3821 1877 7254 455 9066 8100 8060 3011 3663 2572 9967 9200 3314 458 34 1177 3045 8500 9780 543 3991 8651 1287 6001 354 1112 5399 5370 6731 6761 1312 4413 7554 2386 5636 4888 9384 5600
49 1546 6326 2173 2711 9954 2911 4786 1930 3919 635 1125 7711 8673 9573 1922 7472 971 312 4514 7466 433 2582 5789 411 4536 2471 6676 9025 5536 8850 9274 7377 6179 8877 9051 668 4446 4746 2083 7066 5440 6751 4443 6947 5429 7042 4227 3323 3526
45 4131 6810 7547 4301 7146 1000 7203 1609 104 7961 6402 1156 3486 6647 589 2037 6077 6793 1306 7255 4989 2849 2690 1821 5470 3742 4905 9449 2953 9420 4785 1904 8160 7453 4883 1943 7660 8245 3849 5491 1067 1035 5492 1909 64
40 3503 4864 2760 6263 2578 8419 6703 9084 6817 2191 3516 1438 5573 8489 6094 7220 4242 6530 6093 2710 78 6563 1993 9134 9365 9187 8697 1969 1066 4836 6843 1706 1040 7592 7245 9155 1565 3384 706 6485
40 4479 6264 101 8169 5643 5668 2540 2308 3949 4654 2791 8955 7141 3324 5206 8012 275 8941 7970 7784 5618 4260 2708 4602 6371 3567 3803 6461 8363 67 3479 9070 1949 5933 7862 6775 91 9964 3153 2904
40 4733 1455 630 144 4749 3510 1996 787 9018 9793 9248 1375 5186 4118 2923 5850 5947 6948 7213 2176 3243 7920 9153 725 884 2616 7096 7374 7815 4969 7606 1507 7751 2836 185 4709 6770 9169 6358 6162
43 6896 534 5447 6057 361 9223 7842 2806 683 8687 5344 4672 6569 3003 8115 1429 6546 3362 9386 1284 4320 3099 5319 3617 6354 436 9279 2982 7511 2635 2267 3672 3691 7974 5844 326 7627 9454 3394 5467 2492 8683 5853
39 6579 6443 3160 3736 7830 7000 4931 3884 3787 1 114 1426 5609 7211 136 771 12 1181 5810 8671 5603 1208 8350 450 625 9845 4588 2147 3339 2048 9983 8126 449 6639 8874 2854 8221 4146 209
43 5037 8232 6583 3702 4857 5527 9000 6705 5486 2625 470 419 4465 6755 4911 2890 4509 8009 8702 5280 4681 7241 5066 1714 8006 2909 3734 4195 5333 8010 437 9462 1228 9689 8579 2653 6403 3573 2922 4735 7801 2792 7312
51 7787 1890 5428 1931 7284 8292 3589 9770 9575 5493 7201 9551 1019 1630 3266 2074 8793 4154 6183 4516 1149 2887 4631 678 2096 5863 1547 6234 9521 2142 3284 2497 7799 900 7247 3064 4217 357 3437 2774 5054 3349 5087 5867 5669 5036 4209 4110 7256 162 597
42 2636 8460 1010 4060 2059 5101 8200 8962 1897 3533 3121 8133 1628 6437 2265 6160 1661 3778 3559 7935 5839 8568 5117 5480 3797 418 9706 2132 2669 713 2131 3128 6847 981 8113 7524 6914 7382 265 1466 5426 6290
40 1247 4661 2489 4773 2963 5804 8644 8627 2688 2504 2127 1139 8028 7019 6444 2272 2019 9734 8081 526 6704 8085 946 1026 7258 9128 2436 2634 5495 5445 7002 4778 9731 1203 5414 1707 5123 5685 4495 5524
43 8053 9598 9461 3485 7656 2128 6181 9832 8688 6966 5689 5594 542 272 6462 1137 9121 9316 2336 8234 8021 4664 524 280 6545 2367 2639 8536 8717 8136 8731 1411 3334 4954 9367 8967 942 2507 4103 585 5602 7973 7896
49 7481 1085 4948 768 7530 2231 9910 5932 3894 7191 8634 7252 2198 7239 4144 853 103 8293 6557 2707 654 8436 2601 9299 5435 2877 2332 1719 1887 1948 2315 8853 1501 592 6457 1860 4726 7174 3415 4529 9640 1318 8679 7421 1479 9760 8276 6934 5928
44 1158 35 7770 6210 1873 3874 4528 9097 8151 2546 1945 3994 8741 6789 6379 8331 2421 1770 2703 6589 7175 9953 166 1711 2362 9366 2494 7029 1371 7383 3451 9644 4547 4455 2150 3583 1101 5077 3201 9857 1589 2067 6666 9450
42 1345 2947 5314 5359 8088 3298 870 7341 5621 7030 7176 9868 6566 3119 8922 2090 8559 2981 1624 8493 5078 2255 7732 5401 2196 6540 5637 397 2404 1441 1462 6058 1081 7911 7088 2318 8235 2720 4170 3565 435 2179
43 3701 4828 5628 1227 6643 2357 1722 552 368 5231 300 7200 2093 5244 2253 6427 7 6723 6695 9474 549 2900 4079 4370 4609 4928 1799 6291 3203 7477 9499 3021 1477 792 1700 5168 4248 5737 364 6492 6822 1153 3709
41 7499 5265 3806 4532 4353 8694 1804 9724 5025 2049 6548 9330 8435 215 234 9886 8049 289 6972 2857 6515 6985 9538 953 6889 6261 3224 9855 9456 3727 9936 6749 1225 340 2916 7669 2340 5050 6868 132 5598
47 4525 557 1164 484 9674 7505 7172 9291 8790 1668 7638 6909 6814 3514 4134 3938 6147 619 3129 1482 4909 5925 3568 493 7941 7331 3282 4795 1041 1304 3304 4172 7913 434 155 1478 9268 4755 4380 1623 8795 4004 2761 9208 1843 5908 4764
52 7692 590 8574 5422 4207 3194 4397 1743 2773 4295 2609 2477 8646 9029 8944 3215 8867 9400 6368 55 369 1806 6554 7419 7358 1678 8454 9202 4867 5533 3226 7451 4524 9056 8112 2222 1070 1188 7868 7572 421 3102 6448 8973 7823 9950 1129 6875 527 8448 7131 6667
45 814 7365 3039 3997 9921 5377 3875 6108 3677 2434 5475 5159 880 8560 5112 5681 5451 888 464 6325 1952 244 9878 6977 347 5350 8515 6412 1048 4622 667 3687 6436 1316 298 7761 5068 1270 555 6711 8011 1568 7100 3724 60
44 7479 8624 4573 1758 4768 8677 2170 9847 9445 5684 2974 7319 9218 5288 6431 8709 660 4226 1912 321 2790 5472 3581 5944 2345 687 8319 1209 6036 9041 3889 5983 3852 5640 9939 8903 1022 6067 600 238 6910 5239 1277 694
43 9107 6926 6316 1953 9052 447 1453 5485 4225 5345 2021 3188 7283 7747 5104 703 4747 6467 6714 5994 1819 1580 6998 3276 861 3382 6048 6577 9142 8174 147 1148 1021 1487 1851 7156 5784 4865 3396 6230 4973 2214 6152
42 1147 9322 9193 7040 8367 9245 1516 4590 4716 4484 8616 6163 2116 2200 5430 2089 4641 6965 9631 2476 5420 4287 2394 4856 3275 9338 7193 6110 821 1644 3200 5723 3784 8096 5614 5655 5959 3101 6893 1635 9435 4847
43 1634 9418 2112 9285 1352 6654 2296 5330 3808 1104 5170 8988 7902 9582 5099 9870 5909 1703 4545 6718 9669 1533 4818 6288 271 8812 5799 8604 9232 6125 8171 548 4878 1511 6187 1249 5353 1222 624 7600 8696 4307 8370
53 3311 8343 8893 398 5286 5710 5264 4638 8803 9546 6109 8355 5136 1440 9759 4368 8294 7079 1275 7933 6891 3540 7500 5608 8144 769 3800 6455 3261 5448 789 4109 823 655 4279 9729 9872 9357 1991 6597 5126 6553 8361 1793 972 7834 9477 9203 5338 4178 7118 2950 1852
40 3856 76 2433 8735 1790 3469 8712 7163 7135 7617 387 3638 5149 8724 3872 2358 5346 906 9969 7906 4007 4393 1886 7495 9246 1028 8716 6883 2243 9278 7581 9370 5396 9432 5462 4559 4236 6124 7068 8599
45 5207 3585 2626 3686 8288 8413 9275 8829 8381 8457 2297 631 89 291 8474 296 2694 1483 4635 779 504 2552 1387 1015 7854 6846 8272 8001 6188 2998 57 7804 6260 5992 359 8527 8305 6478 8138 3065 1311 2001 2749 8372 8043
42 5821 4184 2770 4861 4833 7722 8565 2727 5506 8102 9717 4679 6827 5034 394 2225 1476 1796 4934 7434 7128 8438 1290 190 2870 9403 608 1917 3264 7195 6459 2013 976 5043 3616 4705 4522 2029 7939 582 5941 7846
41 6300 7154 6767 4323 8323 9199 2880 9019 3541 5307 1109 1915 8229 2204 2290 661 5552 1927 9897 2944 1473 990 8130 9446 7543 2470 2794 2349 1198 1412 1140 5442 7355 9214 5837 3628 9519 700 9595 2343 8723
44 38 8918 8749 903 5580 9973 6660 6986 3522 3366 4656 8584 848 3256 5894 6216 4174 227 8529 8924 5463 1541 7297 443 5084 4391 5125 1302 6442 575 2934 2530 4271 1317 1420 5208 2000 3974 3632 6155 1986 8079 3744 9712
46 710 8909 2992 6514 9467 1814 632 7905 5387 7754 9705 3830 1003 6655 9789 3421 2604 176 2841 5716 9812 7007 2084 7775 1001 5705 2104 7716 6682 4339 5772 8196 6590 1515 894 6406 5919 913 4913 9174 3229 840 7563 1563 9588 1817
42 1030 5178 6968 2852 2912 6864 9618 5219 2752 360 933 6142 8725 2977 6525 2033 5968 838 4045 154 4318 731 2081 3436 959 5157 7501 6925 9740 4620 8253 977 96 4731 8498 636 5481 5061 7786 6734 425 5502
46 4476 1459 5898 6381 6254 2959 7109 3961 7899 9716 9072 6538 916 6560 6852 4181 6039 9597 544 3770 3468 4015 573 1413 4513 5479 2324 8787 1404 851 5419 6212 7462 7958 6861 4345 9744 8324 5233 6447 1766 5984 8838 2725 5610 6140
46 4551 9961 9788 2405 9502 2213 9053 8975 2506 2372 7752 9864 9846 2875 9991 6178 367 3019 4787 1392 6960 6375 9448 7597 118 3139 7894 4771 3788 5679 3365 3327 581 3494 1354 674 4377 262 8218 338 6204 8022 6496 1502 4758 3289
46 5003 4266 3417 5230 7367 2979 9253 9321 9859 864 8214 6043 3141 2499 2102 6720 6200 1289 4286 4646 4033 9478 6308 3110 967 7508 7039 8340 5754 4841 4306 328 4442 6844 7173 6158 9428 356 6465 4770 3544 1506 663 9700 5212 5051
47 5497 8505 2533 6813 5106 6595 3060 7181 6073 1133 4338 2443 8656 427 8645 6361 4926 4412 8771 7922 6526 9537 9851 587 3352 8611 8958 6081 6038 5783 1416 6233 6186 3426 7493 52 8746 826 7037 3664 4142 2429 4894 8904 4603 4382 9001
50 6664 5665 9061 3183 5272 927 1980 3195 563 2767 7476 9889 2310 8550 3723 4502 4970 161 3755 4982 6350 3699 4594 5978 568 8664 3684 5044 1654 2638 878 8666 5402 4182 2334 8062 2419 3940 5055 5786 1746 3657 3169 4851 9421 5094 7164 4257 6747 2967
47 9059 149 6911 1738 1042 9884 9565 4071 7291 8287 9895 7618 3378 8512 6547 3747 8994 3838 5572 8211 277 3649 9283 6310 4845 8658 3464 3221 9355 2569 1499 6141 8374 8224 194 3050 8404 4155 5341 8629 533 5880 2709 9692 5357 2716 423
52 727 4627 8431 6932 65 1103 5680 7741 7349 6765 3216 1099 4350 7121 486 7975 1760 8326 1111 5151 3835 1574 2184 4151 4804 1959 4312 2938 3552 30 6630 7763 6050 5225 4189 3532 2544 7953 8477 7699 1832 5063 2480 2865 2606 7727 6080 4557 3040 4980 3966 429
44 975 9914 6521 6340 4943 1248 7928 8693 3098 4692 4994 1372 879 5000 6811 9941 405 6064 9509 1924 6831 9457 3433 8090 3487 907 4942 299 5403 3794 6867 836 9331 4530 6274 1076 9313 6937 5847 651 525 7816 7967 6469
46 1360 2164 2568 8464 4440 1916 2258 7637 3912 4311 2736 892 7003 7679 1558 8840 8146 1384 842 6804 2969 1773 8578 8386 9451 8974 9220 4319 1402 8262 8868 5202 9237 3594 5421 2747 6123 165 1220 5999 2185 970 3041 9376 9682 9880
46 1537 3253 4725 9593 8878 9497 7756 3452 3325 1891 979 7715 6470 9852 8036 7710 3440 9698 5733 929 342 4179 3673 6620 7316 4040 8303 7881 4995 556 3772 5831 6006 992 8098 8168 9726 6401 5616 9216 9120 9968 4876 2966 606 8395
45 2042 7142 3927 9156 9315 9843 2342 9239 6075 5930 7035 5284 4981 8383 2008 6784 9269 3509 1464 1867 3501 3710 935 3897 7099 9099 8003 6019 4049 1237 6675 8483 1982 6558 6898 2088 718 9105 9900 4859 9045 4614 3435 4461 6297
50 7749 9008 1183 198 2562 8092 9500 7394 570 3758 1114 9369 2509 1434 5934 5760 4625 2063 4501 4390 8733 8619 4483 5715 696 1091 2734 4149 1967 5649 580 7190 8583 2002 1585 1854 8954 5443 6314 4956 9745 2123 3818 4416 9531 5161 5617 3490 4309 7965
50 8298 4102 222 6117 2585 4900 7782 5437 6430 2312 6468 8542 4955 3222 8089 9779 6056 8886 2511 7855 5630 6421 2280 4322 6114 9758 9436 4756 2508 1676 5690 508 4192 2980 7991 6214 2796 8846 2500 3881 5007 6900 9324 3453 4452 2206 3208 7631 9986 974
46 8507 9470 9123 2640 117 1893 1797 9397 207 4889 7745 6746 4245 3827 2307 2906 9494 1871 6243 6041 1687 6113 4344 5819 3587 5027 2517 4880 1583 6815 688 3972 7389 8896 5049 1031 1461 2199 7379 4253 3851 9599 243 5484 3355 7930
48 8669 9727 516 2603 5951 422 1823 6378 7649 781 9837 1106 1123 7576 9082 9297 8255 647 53 743 1818 9293 2512 5901 1669 5728 2326 3117 6834 615 1393 9098 267 896 8698 4752 202 2586 2161 7323 8153 6735 4730 7277 3815 1381 9934 5861
49 180 4349 2746 1341 5483 137 5329 3332 7234 4017 1258 4534 5860 152 4196 7338 7270 2902 4694 8946 8038 1781 6565 5409 4198 9711 3993 2293 9688 9116 9427 4566 5275 7457 1745 9840 3792 7364 2301 6416 7985 6343 7528 2693 4659 2811 3869 6025 8310
46 1006 8603 978 4797 2241 5376 3578 9071 3822 6482 9301 2158 9998 3555 3016 9390 269 2165 855 5331 3441 1576 844 353 7216 6426 6074 320 1586 6193 7929 6244 7212 8866 4568 2647 5607 7825 7051 2036 5993 9918 8425 7936 5380 5534
50 1601 8836 6422 5912 6399 697 1432 1090 1962 4410 7651 456 8551 9877 9426 4890 8162 4858 5153 4256 4176 1480 2411 2030 7155 5098 5741 1170 596 5542 8915 1753 475 9015 6438 3928 8059 7348 1735 8463 522 6070 4369 9990 4070 8541 4877 9622 6293 2449
46 2447 6282 6621 2380 1132 4598 5879 4218 6928 2919 4466 4398 6531 2788 8107 1268 6708 31 2528 4333 467 8590 5812 595 7474 6716 9679 7446 1017 9560 4708 3434 8261 9453 936 1839 5334 2892 2379 684 8314 3310 2482 3297 2964 2329
53 2532 9031 5924 4058 5143 2160 3850 8618 6741 9585 5886 7185 2461 601 295 9807 6336 1725 982 9429 1080 348 335 2525 5825 5556 2828 7588 5949 3498 833 7803 4065 1460 1549 7197 9904 5702 8835 135 6510 3947 6257 1366 3094 6380 4906 3534 282 1756 8142 5874 5458
48 3083 5904 5987 1136 4886 4993 8845 8401 2970 4456 4842 7126 5261 6783 4935 2750 4821 9452 3346 7575 2737 6458 4297 9786 5113 2879 8701 231 4829 6246 6484 6277 9670 9686 2522 8488 5444 1682 9282 8495 1215 609 6116 505 7243 2643 9345 1163
51 5781 7415 1355 9719 2818 3647 3091 8998 5872 7595 393 7089 7262 2822 9792 7790 8029 1458 4474 2080 3606 4915 9379 7076 5022 7286 8250 6689 9050 1620 8499 7695 9389 1732 515 3756 8403 2483 8320 6679 494 4592 9040 7796 2316 5706 9984 3590 2610 1809 2795
48 6686 6820 664 5920 249 1845 7490 4844 473 8106 1315 3521 4825 3857 4792 3364 1073 4511 3602 7010 9513 9905 6454 800 9244 3379 7675 1331 7343 9135 9874 1285 960 4799 6757 7977 6239 3385 2996 4720 1191 9667 6294 3891 5768 3029 1816 4774
49 7507 5293 1014 3071 2223 7840 9625 5316 4596 2417 3159 134 9813 3447 2382 3164 9730 6803 1531 5698 3887 7889 4164 8274 5337 6973 297 4637 8362 8911 3626 7836 6302 9402 2439 8726 760 1050 4593 1625 9942 3182 5539 3410 8628 6201 4837 5895 5255
50 49 1665 2408 1775 4533 121 7658 9825 2929 7020 1187 1347 6033 9157 477 3898 8832 2203 2971 2381 8479 2516 6151 2162 3614 2886 3124 7776 8230 8129 1074 2475 1491 6698 3267 82 6729 1697 6840 874 2251 1968 8774 4498 1783 3335 5972 6394 714 7360
44 793 6194 6102 3386 8758 7664 6037 2006 5171 6656 1692 2777 5518 8990 6795 6715 4205 852 2207 9080 8121 6634 5870 5166 2556 3062 2360 5395 4457 1379 6808 8273 7395 4138 816 9992 8570 8526 5595 4553 5340 2 1283 2024
49 940 6309 406 5940 6324 5184 8972 1958 3228 7047 7870 1165 1611 9375 2925 413 8503 5232 7426 4419 5997 3640 7463 4137 7071 2269 755 3774 6556 3777 8231 7998 3645 3390 949 4302 1322 8400 9996 5798 5413 7165 5550 9842 6949 1869 4327 8083 9528
45 1895 5246 9613 2664 386 1848 6855 2259 3237 2456 2651 4781 6790 1105 4585 3982 2007 2591 8101 7303 1044 9090 9189 6738 1072 3812 3127 2105 1269 168 8244 4372 6561 5699 5227 83 5388 5438 3834 4951 7337 4300 8254 9890 7704
52 2535 4963 3841 7593 2718 2742 7615 9592 9995 4698 1117 2595 2776 6319 5905 4190 8930 8228 1590 1075 1273 610 8682 9284 3326 9224 8424 7515 1838 2344 1291 4968 8535 4875 5174 1776 7628 2803 777 637 1747 3712 1681 1940 3274 8965 2829 6130 709 1615 1761 6409
50 2550 3944 7011 2286 8752 5712 6562 3904 3086 3162 7734 8993 2061 5196 8710 1835 4460 5770 4583 559 7445 3525 9167 8375 5026 1642 7665 7807 7016 2984 2046 2092 8934 2563 400 9114 5588 886 8275 3049 5835 2955 242 2277 3980 5526 7427 5704 3666 9010
54 2652 5235 8703 3570 9014 2897 5522 9493 4376 29 680 3255 4985 9532 7952 5535 9747 794 7304 4782 3055 8455 1923 8023 8530 5221 9559 1981 7632 5746 292 2931 7111 2915 6888 8910 6876 4618 5292 9254 8317 133 807 3611 98 2232 9286 3631 4169 3873 9774 426 1259 9496
46 3067 6169 3449 4548 6474 9643 8825 4276 1918 3760 5977 5931 4543 8690 213 2284 5767 5827 4902 4061 2133 4760 6991 6450 9374 2869 2825 6040 4375 7086 5960 6854 8280 2951 3025 9567 8041 3187 658 9520 4424 1629 4899 6524 3917 8621
55 4098 7538 8808 301 3530 5181 8233 732 3214 531 5801 431 7731 4114 69 5952 8707 15 910 5888 9938 6076 2642 8711 813 9704 6235 8014 1582 6605 4175 1060 1286 7006 6053 7798 7362 5714 5718 9173 9955 1742 1570 1525 9259 8630 4984 4754 1612 2529 2673 2192 1739 1694 5515
49 5065 7102 891 7583 9205 5523 739 7311 1708 1907 745 6382 7452 5820 6121 417 3223 169 8037 6857 6739 3254 5427 602 2054 2219 2401 715 3913 7366 4862 108 3998 9587 4964 9666 1689 3956 210 75 6894 1929 7573 2553 2305 7742 7708 4026 346
48 5615 416 2478 846 9746 7963 7859 5773 6144 670 3176 1626 2384 6398 1062 3688 3883 2294 3813 9594 6742 8844 1435 6145 5263 495 7450 1193 7388 6460 8120 4966 7265 6369 6259 1673 9614 6428 4139 9295 5696 1468 6567 7873 8344 3499 9879 4341
52 6333 7210 9806 1578 7765 5496 7238 3817 2627 669 6877 7988 3748 3848 7893 7261 8116 8349 3975 8732 9003 5155 5907 7375 8756 6132 37 7867 2412 7768 8914 1054 1326 841 7359 6085 451 4022 3658 8959 9466 9364 2064 4094 9443 7956 9555 6842 8567 5578 993 3263
