16 0 54 159 127 33 281 19 295 113 29 73 11 207 28 43 259
16 180 184 148 234 65 216 226 260 213 209 244 271 201 279 16 215
16 296 116 75 212 85 162 105 125 13 253 48 27 156 243 1 220
2 2 17
10 3 170 8 237 76 57 103 161 219 111
19 4 108 62 221 72 95 87 79 245 203 224 249 204 177 292 287 50 47 9
7 5 205 137 236 289 258 164
7 6 96 140 181 12 133 151
17 7 294 36 179 41 285 21 15 185 121 18 74 266 241 290 143 262
9 10 239 267 32 210 40 63 80 126
9 14 284 282 68 131 174 112 154 144
6 20 70 106 277 160 49
12 22 128 82 202 217 89 26 283 269 97 251 129
9 23 157 114 35 101 141 59 24 53
8 25 136 107 81 147 227 119 94
5 30 92 223 189 165
7 31 190 104 42 56 90 214
5 34 167 37 196 102
19 38 276 44 39 200 150 60 110 109 158 197 124 139 254 98 83 208 46 66
8 45 218 225 298 71 88 293 69
5 51 242 145 155 272
2 52 288
8 55 195 138 117 246 86 142 256
12 58 61 146 163 261 198 171 255 152 135 78 257
18 64 91 232 188 168 134 191 235 93 273 67 176 187 297 194 229 84 169
3 77 178 268
5 99 100 265 153 206
8 115 250 118 238 233 240 275 247
8 120 172 252 263 122 123 230 182
3 130 166 222
3 132 183 175
2 149 248
3 173 186 192
4 193 199 211 228
5 231 264 270 274 278
2 280 286
1 291
1 299
0 
0 
0 
0 
0 
0 
0 
0 
0 
0 
0 
0 
0 
0 
0 
0 
0 
0 
0 
0 
0 
0 
0 
0 
0 
0 
0 
0 
0 
0 
0 
0 
0 
0 
0 
0 
0 
0 
0 
0 
0 
0 
0 
0 
0 
0 
0 
0 
0 
0 
0 
0 
0 
0 
0 
0 
0 
0 
0 
0 
0 
0 
